OOI ID,Name,Object Type,Speed,Initial Behaviour,EncounterBehaviour
22,Dandelion_Y2,StaticOOI,1,Patrol,None

X position, Y position, Z position, X rotation, Y rotation, Z rotation, X scale, Y scale, Z scale, TimeSinceLastUpdate
N:PreStim Started,,,,,,,,,20250319_105247.817939
1.41,-0.3,1.41,0,0,0,0.2,0.2,0.2,0.04619573
1.41,-0.3,1.41,0,0,0,0.2,0.2,0.2,0.04619573
1.41,-0.3,1.41,0,0,0,0.2,0.2,0.2,0.02
1.41,-0.3,1.41,0,0,0,0.2,0.2,0.2,0.006060163
1.41,-0.3,1.41,0,0,0,0.2,0.2,0.2,0.006061751
1.41,-0.3,1.41,0,0,0,0.2,0.2,0.2,0.006059817
1.41,-0.3,1.41,0,0,0,0.2,0.2,0.2,0.00606081
1.41,-0.3,1.41,0,0,0,0.2,0.2,0.2,0.006061001
1.41,-0.3,1.41,0,0,0,0.2,0.2,0.2,0.006060157
1.41,-0.3,1.41,0,0,0,0.2,0.2,0.2,0.006061523
1.41,-0.3,1.41,0,0,0,0.2,0.2,0.2,0.00606022
1.41,-0.3,1.41,0,0,0,0.2,0.2,0.2,0.006060848
1.41,-0.3,1.41,0,0,0,0.2,0.2,0.2,0.00606119
1.41,-0.3,1.41,0,0,0,0.2,0.2,0.2,0.006060228
1.41,-0.3,1.41,0,0,0,0.2,0.2,0.2,0.006060725
1.41,-0.3,1.41,0,0,0,0.2,0.2,0.2,0.006060471
1.41,-0.3,1.41,0,0,0,0.2,0.2,0.2,0.006060943
1.41,-0.3,1.41,0,0,0,0.2,0.2,0.2,0.006061055
1.41,-0.3,1.41,0,0,0,0.2,0.2,0.2,0.006060416
1.41,-0.3,1.41,0,0,0,0.2,0.2,0.2,0.00606034
1.41,-0.3,1.41,0,0,0,0.2,0.2,0.2,0.006061801
1.41,-0.3,1.41,0,0,0,0.2,0.2,0.2,0.006059774
1.41,-0.3,1.41,0,0,0,0.2,0.2,0.2,0.006061643
1.41,-0.3,1.41,0,0,0,0.2,0.2,0.2,0.006059982
1.41,-0.3,1.41,0,0,0,0.2,0.2,0.2,0.006060228
1.41,-0.3,1.41,0,0,0,0.2,0.2,0.2,0.006061709
1.41,-0.3,1.41,0,0,0,0.2,0.2,0.2,0.006060013
1.41,-0.3,1.41,0,0,0,0.2,0.2,0.2,0.006061174
1.41,-0.3,1.41,0,0,0,0.2,0.2,0.2,0.006061317
1.41,-0.3,1.41,0,0,0,0.2,0.2,0.2,0.006059687
1.41,-0.3,1.41,0,0,0,0.2,0.2,0.2,0.006060906
1.41,-0.3,1.41,0,0,0,0.2,0.2,0.2,0.006060429
1.41,-0.3,1.41,0,0,0,0.2,0.2,0.2,0.00606126
1.41,-0.3,1.41,0,0,0,0.2,0.2,0.2,0.006060677
1.41,-0.3,1.41,0,0,0,0.2,0.2,0.2,0.006060438
1.41,-0.3,1.41,0,0,0,0.2,0.2,0.2,0.006060701
1.41,-0.3,1.41,0,0,0,0.2,0.2,0.2,0.006061197
1.41,-0.3,1.41,0,0,0,0.2,0.2,0.2,0.006060295
1.41,-0.3,1.41,0,0,0,0.2,0.2,0.2,0.006061389
1.41,-0.3,1.41,0,0,0,0.2,0.2,0.2,0.006059893
1.41,-0.3,1.41,0,0,0,0.2,0.2,0.2,0.006061018
1.41,-0.3,1.41,0,0,0,0.2,0.2,0.2,0.006061131
1.41,-0.3,1.41,0,0,0,0.2,0.2,0.2,0.006060802
1.41,-0.3,1.41,0,0,0,0.2,0.2,0.2,0.006060907
1.41,-0.3,1.41,0,0,0,0.2,0.2,0.2,0.006060157
1.41,-0.3,1.41,0,0,0,0.2,0.2,0.2,0.0060608
1.41,-0.3,1.41,0,0,0,0.2,0.2,0.2,0.00606109
1.41,-0.3,1.41,0,0,0,0.2,0.2,0.2,0.006060489
1.41,-0.3,1.41,0,0,0,0.2,0.2,0.2,0.006061606
1.41,-0.3,1.41,0,0,0,0.2,0.2,0.2,0.006059736
1.41,-0.3,1.41,0,0,0,0.2,0.2,0.2,0.006060811
1.41,-0.3,1.41,0,0,0,0.2,0.2,0.2,0.006061031
1.41,-0.3,1.41,0,0,0,0.2,0.2,0.2,0.006060018
1.41,-0.3,1.41,0,0,0,0.2,0.2,0.2,0.006061184
1.41,-0.3,1.41,0,0,0,0.2,0.2,0.2,0.006061021
1.41,-0.3,1.41,0,0,0,0.2,0.2,0.2,0.006060428
1.41,-0.3,1.41,0,0,0,0.2,0.2,0.2,0.00606062
1.41,-0.3,1.41,0,0,0,0.2,0.2,0.2,0.006060825
1.41,-0.3,1.41,0,0,0,0.2,0.2,0.2,0.006061049
1.41,-0.3,1.41,0,0,0,0.2,0.2,0.2,0.006060344
1.41,-0.3,1.41,0,0,0,0.2,0.2,0.2,0.006060844
1.41,-0.3,1.41,0,0,0,0.2,0.2,0.2,0.006060588
1.41,-0.3,1.41,0,0,0,0.2,0.2,0.2,0.006060514
1.41,-0.3,1.41,0,0,0,0.2,0.2,0.2,0.006060696
1.41,-0.3,1.41,0,0,0,0.2,0.2,0.2,0.006061405
1.41,-0.3,1.41,0,0,0,0.2,0.2,0.2,0.006060395
1.41,-0.3,1.41,0,0,0,0.2,0.2,0.2,0.006060253
1.41,-0.3,1.41,0,0,0,0.2,0.2,0.2,0.006061507
1.41,-0.3,1.41,0,0,0,0.2,0.2,0.2,0.006060156
1.41,-0.3,1.41,0,0,0,0.2,0.2,0.2,0.006060983
1.41,-0.3,1.41,0,0,0,0.2,0.2,0.2,0.006061004
1.41,-0.3,1.41,0,0,0,0.2,0.2,0.2,0.006060532
1.41,-0.3,1.41,0,0,0,0.2,0.2,0.2,0.006061127
1.41,-0.3,1.41,0,0,0,0.2,0.2,0.2,0.006060342
1.41,-0.3,1.41,0,0,0,0.2,0.2,0.2,0.006060511
1.41,-0.3,1.41,0,0,0,0.2,0.2,0.2,0.006061362
1.41,-0.3,1.41,0,0,0,0.2,0.2,0.2,0.006060261
1.41,-0.3,1.41,0,0,0,0.2,0.2,0.2,0.006060576
1.41,-0.3,1.41,0,0,0,0.2,0.2,0.2,0.006060951
1.41,-0.3,1.41,0,0,0,0.2,0.2,0.2,0.006060535
1.41,-0.3,1.41,0,0,0,0.2,0.2,0.2,0.006061413
1.41,-0.3,1.41,0,0,0,0.2,0.2,0.2,0.006060458
1.41,-0.3,1.41,0,0,0,0.2,0.2,0.2,0.006060085
1.41,-0.3,1.41,0,0,0,0.2,0.2,0.2,0.006061692
N:Loop Closed,,,,,,,,,20250319_105248.318060
1.41,-0.3,1.41,0,0,0,0.2,0.2,0.2,0.006060489
1.41,-0.3,1.41,0,0,0,0.2,0.2,0.2,0.006061108
1.41,-0.3,1.41,0,0,0,0.2,0.2,0.2,0.006060399
1.41,-0.3,1.41,0,0,0,0.2,0.2,0.2,0.006060423
1.41,-0.3,1.41,0,0,0,0.2,0.2,0.2,0.006061283
1.41,-0.3,1.41,0,0,0,0.2,0.2,0.2,0.006060619
1.41,-0.3,1.41,0,0,0,0.2,0.2,0.2,0.006060278
1.41,-0.3,1.41,0,0,0,0.2,0.2,0.2,0.006060851
1.41,-0.3,1.41,0,0,0,0.2,0.2,0.2,0.00606076
1.41,-0.3,1.41,0,0,0,0.2,0.2,0.2,0.00606103
1.41,-0.3,1.41,0,0,0,0.2,0.2,0.2,0.006060699
1.41,-0.3,1.41,0,0,0,0.2,0.2,0.2,0.00606064
1.41,-0.3,1.41,0,0,0,0.2,0.2,0.2,0.006060821
1.41,-0.3,1.41,0,0,0,0.2,0.2,0.2,0.006060595
1.41,-0.3,1.41,0,0,0,0.2,0.2,0.2,0.006061167
1.41,-0.3,1.41,0,0,0,0.2,0.2,0.2,0.00607987
1.41,-0.3,1.41,0,0,0,0.2,0.2,0.2,0.006060634
1.41,-0.3,1.41,0,0,0,0.2,0.2,0.2,0.006061279
1.41,-0.3,1.41,0,0,0,0.2,0.2,0.2,0.006060597
1.41,-0.3,1.41,0,0,0,0.2,0.2,0.2,0.006061207
1.41,-0.3,1.41,0,0,0,0.2,0.2,0.2,0.006060076
1.41,-0.3,1.41,0,0,0,0.2,0.2,0.2,0.006060885
1.41,-0.3,1.41,0,0,0,0.2,0.2,0.2,0.006061333
1.41,-0.3,1.41,0,0,0,0.2,0.2,0.2,0.00606004
1.41,-0.3,1.41,0,0,0,0.2,0.2,0.2,0.00606169
1.41,-0.3,1.41,0,0,0,0.2,0.2,0.2,0.006060225
1.41,-0.3,1.41,0,0,0,0.2,0.2,0.2,0.006060033
1.41,-0.3,1.41,0,0,0,0.2,0.2,0.2,0.006061838
1.41,-0.3,1.41,0,0,0,0.2,0.2,0.2,0.006059502
1.41,-0.3,1.41,0,0,0,0.2,0.2,0.2,0.006061866
1.41,-0.3,1.41,0,0,0,0.2,0.2,0.2,0.006060502
1.41,-0.3,1.41,0,0,0,0.2,0.2,0.2,0.006059932
1.41,-0.3,1.41,0,0,0,0.2,0.2,0.2,0.006061758
1.41,-0.3,1.41,0,0,0,0.2,0.2,0.2,0.006059606
1.41,-0.3,1.41,0,0,0,0.2,0.2,0.2,0.006061391
1.41,-0.3,1.41,0,0,0,0.2,0.2,0.2,0.006061371
1.41,-0.3,1.41,0,0,0,0.2,0.2,0.2,0.006059421
1.41,-0.3,1.41,0,0,0,0.2,0.2,0.2,0.006061239
1.41,-0.3,1.41,0,0,0,0.2,0.2,0.2,0.006060541
1.41,-0.3,1.41,0,0,0,0.2,0.2,0.2,0.006060947
1.41,-0.3,1.41,0,0,0,0.2,0.2,0.2,0.006061541
1.41,-0.3,1.41,0,0,0,0.2,0.2,0.2,0.006059555
1.41,-0.3,1.41,0,0,0,0.2,0.2,0.2,0.006061014
1.41,-0.3,1.41,0,0,0,0.2,0.2,0.2,0.006061231
1.41,-0.3,1.41,0,0,0,0.2,0.2,0.2,0.006060318
1.41,-0.3,1.41,0,0,0,0.2,0.2,0.2,0.006061548
1.41,-0.3,1.41,0,0,0,0.2,0.2,0.2,0.006060368
1.41,-0.3,1.41,0,0,0,0.2,0.2,0.2,0.006060375
1.41,-0.3,1.41,0,0,0,0.2,0.2,0.2,0.006060519
1.41,-0.3,1.41,0,0,0,0.2,0.2,0.2,0.006061067
1.41,-0.3,1.41,0,0,0,0.2,0.2,0.2,0.006060444
1.41,-0.3,1.41,0,0,0,0.2,0.2,0.2,0.006061356
1.41,-0.3,1.41,0,0,0,0.2,0.2,0.2,0.006060306
1.41,-0.3,1.41,0,0,0,0.2,0.2,0.2,0.006061426
1.41,-0.3,1.41,0,0,0,0.2,0.2,0.2,0.006060098
1.41,-0.3,1.41,0,0,0,0.2,0.2,0.2,0.00606076
1.41,-0.3,1.41,0,0,0,0.2,0.2,0.2,0.00606074
1.41,-0.3,1.41,0,0,0,0.2,0.2,0.2,0.006060951
1.41,-0.3,1.41,0,0,0,0.2,0.2,0.2,0.006061385
1.41,-0.3,1.41,0,0,0,0.2,0.2,0.2,0.006059613
1.41,-0.3,1.41,0,0,0,0.2,0.2,0.2,0.006061042
1.41,-0.3,1.41,0,0,0,0.2,0.2,0.2,0.006060983
1.41,-0.3,1.41,0,0,0,0.2,0.2,0.2,0.006060636
1.41,-0.3,1.41,0,0,0,0.2,0.2,0.2,0.006061148
1.41,-0.3,1.41,0,0,0,0.2,0.2,0.2,0.006059686
1.41,-0.3,1.41,0,0,0,0.2,0.2,0.2,0.006061386
1.41,-0.3,1.41,0,0,0,0.2,0.2,0.2,0.006060934
1.41,-0.3,1.41,0,0,0,0.2,0.2,0.2,0.006060421
1.41,-0.3,1.41,0,0,0,0.2,0.2,0.2,0.006060959
1.41,-0.3,1.41,0,0,0,0.2,0.2,0.2,0.006060515
1.41,-0.3,1.41,0,0,0,0.2,0.2,0.2,0.006060947
1.41,-0.3,1.41,0,0,0,0.2,0.2,0.2,0.006061102
1.41,-0.3,1.41,0,0,0,0.2,0.2,0.2,0.006060256
1.41,-0.3,1.41,0,0,0,0.2,0.2,0.2,0.006060766
1.41,-0.3,1.41,0,0,0,0.2,0.2,0.2,0.006061168
1.41,-0.3,1.41,0,0,0,0.2,0.2,0.2,0.006060286
1.41,-0.3,1.41,0,0,0,0.2,0.2,0.2,0.006061099
1.41,-0.3,1.41,0,0,0,0.2,0.2,0.2,0.006060196
1.41,-0.3,1.41,0,0,0,0.2,0.2,0.2,0.006060771
1.41,-0.3,1.41,0,0,0,0.2,0.2,0.2,0.00606133
1.41,-0.3,1.41,0,0,0,0.2,0.2,0.2,0.006060198
1.41,-0.3,1.41,0,0,0,0.2,0.2,0.2,0.006060575
1.41,-0.3,1.41,0,0,0,0.2,0.2,0.2,0.006061111
1.41,-0.3,1.41,0,0,0,0.2,0.2,0.2,0.006060427
1.41,-0.3,1.41,0,0,0,0.2,0.2,0.2,0.006060594
1.41,-0.3,1.41,0,0,0,0.2,0.2,0.2,0.006060755
1.41,-0.3,1.41,0,0,0,0.2,0.2,0.2,0.006060649
1.41,-0.3,1.41,0,0,0,0.2,0.2,0.2,0.006061446
1.41,-0.3,1.41,0,0,0,0.2,0.2,0.2,0.006060349
1.41,-0.3,1.41,0,0,0,0.2,0.2,0.2,0.006061236
1.41,-0.3,1.41,0,0,0,0.2,0.2,0.2,0.006060485
1.41,-0.3,1.41,0,0,0,0.2,0.2,0.2,0.006060633
1.41,-0.3,1.41,0,0,0,0.2,0.2,0.2,0.006060671
1.41,-0.3,1.41,0,0,0,0.2,0.2,0.2,0.00606081
1.41,-0.3,1.41,0,0,0,0.2,0.2,0.2,0.006060618
1.41,-0.3,1.41,0,0,0,0.2,0.2,0.2,0.006060858
1.41,-0.3,1.41,0,0,0,0.2,0.2,0.2,0.006060718
1.41,-0.3,1.41,0,0,0,0.2,0.2,0.2,0.00606073
1.41,-0.3,1.41,0,0,0,0.2,0.2,0.2,0.006060788
1.41,-0.3,1.41,0,0,0,0.2,0.2,0.2,0.006060373
1.41,-0.3,1.41,0,0,0,0.2,0.2,0.2,0.006061374
1.41,-0.3,1.41,0,0,0,0.2,0.2,0.2,0.006060316
1.41,-0.3,1.41,0,0,0,0.2,0.2,0.2,0.006059987
1.41,-0.3,1.41,0,0,0,0.2,0.2,0.2,0.006061622
1.41,-0.3,1.41,0,0,0,0.2,0.2,0.2,0.006060334
1.41,-0.3,1.41,0,0,0,0.2,0.2,0.2,0.006061454
1.41,-0.3,1.41,0,0,0,0.2,0.2,0.2,0.006060367
1.41,-0.3,1.41,0,0,0,0.2,0.2,0.2,0.006060096
1.41,-0.3,1.41,0,0,0,0.2,0.2,0.2,0.006061566
1.41,-0.3,1.41,0,0,0,0.2,0.2,0.2,0.006060148
1.41,-0.3,1.41,0,0,0,0.2,0.2,0.2,0.00606138
1.41,-0.3,1.41,0,0,0,0.2,0.2,0.2,0.00606003
1.41,-0.3,1.41,0,0,0,0.2,0.2,0.2,0.006060939
1.41,-0.3,1.41,0,0,0,0.2,0.2,0.2,0.006061583
1.41,-0.3,1.41,0,0,0,0.2,0.2,0.2,0.00605953
1.41,-0.3,1.41,0,0,0,0.2,0.2,0.2,0.006061022
1.41,-0.3,1.41,0,0,0,0.2,0.2,0.2,0.006060833
1.41,-0.3,1.41,0,0,0,0.2,0.2,0.2,0.006060553
1.41,-0.3,1.41,0,0,0,0.2,0.2,0.2,0.0060606
1.41,-0.3,1.41,0,0,0,0.2,0.2,0.2,0.006060707
1.41,-0.3,1.41,0,0,0,0.2,0.2,0.2,0.006060756
1.41,-0.3,1.41,0,0,0,0.2,0.2,0.2,0.006061108
1.41,-0.3,1.41,0,0,0,0.2,0.2,0.2,0.006060517
1.41,-0.3,1.41,0,0,0,0.2,0.2,0.2,0.006061339
1.41,-0.3,1.41,0,0,0,0.2,0.2,0.2,0.006059943
1.41,-0.3,1.41,0,0,0,0.2,0.2,0.2,0.00606099
1.41,-0.3,1.41,0,0,0,0.2,0.2,0.2,0.006061147
1.41,-0.3,1.41,0,0,0,0.2,0.2,0.2,0.006060094
1.41,-0.3,1.41,0,0,0,0.2,0.2,0.2,0.006061194
1.41,-0.3,1.41,0,0,0,0.2,0.2,0.2,0.006060615
1.41,-0.3,1.41,0,0,0,0.2,0.2,0.2,0.006060427
1.41,-0.3,1.41,0,0,0,0.2,0.2,0.2,0.006061344
1.41,-0.3,1.41,0,0,0,0.2,0.2,0.2,0.006060355
1.41,-0.3,1.41,0,0,0,0.2,0.2,0.2,0.006060923
1.41,-0.3,1.41,0,0,0,0.2,0.2,0.2,0.006061429
1.41,-0.3,1.41,0,0,0,0.2,0.2,0.2,0.006059596
1.41,-0.3,1.41,0,0,0,0.2,0.2,0.2,0.006061074
1.41,-0.3,1.41,0,0,0,0.2,0.2,0.2,0.006060724
1.41,-0.3,1.41,0,0,0,0.2,0.2,0.2,0.006060778
1.41,-0.3,1.41,0,0,0,0.2,0.2,0.2,0.006061138
1.41,-0.3,1.41,0,0,0,0.2,0.2,0.2,0.006060041
1.41,-0.3,1.41,0,0,0,0.2,0.2,0.2,0.006061093
1.41,-0.3,1.41,0,0,0,0.2,0.2,0.2,0.006060761
1.41,-0.3,1.41,0,0,0,0.2,0.2,0.2,0.006060717
1.41,-0.3,1.41,0,0,0,0.2,0.2,0.2,0.006061055
1.41,-0.3,1.41,0,0,0,0.2,0.2,0.2,0.00606033
1.41,-0.3,1.41,0,0,0,0.2,0.2,0.2,0.006060796
1.41,-0.3,1.41,0,0,0,0.2,0.2,0.2,0.006060703
1.41,-0.3,1.41,0,0,0,0.2,0.2,0.2,0.006060739
1.41,-0.3,1.41,0,0,0,0.2,0.2,0.2,0.006060358
1.41,-0.3,1.41,0,0,0,0.2,0.2,0.2,0.006061212
1.41,-0.3,1.41,0,0,0,0.2,0.2,0.2,0.006060124
1.41,-0.3,1.41,0,0,0,0.2,0.2,0.2,0.006061739
1.41,-0.3,1.41,0,0,0,0.2,0.2,0.2,0.006060069
1.41,-0.3,1.41,0,0,0,0.2,0.2,0.2,0.006060345
1.41,-0.3,1.41,0,0,0,0.2,0.2,0.2,0.006061584
1.41,-0.3,1.41,0,0,0,0.2,0.2,0.2,0.006060253
1.41,-0.3,1.41,0,0,0,0.2,0.2,0.2,0.006061311
1.41,-0.3,1.41,0,0,0,0.2,0.2,0.2,0.00605986
1.41,-0.3,1.41,0,0,0,0.2,0.2,0.2,0.006061454
1.41,-0.3,1.41,0,0,0,0.2,0.2,0.2,0.006064674
1.41,-0.3,1.41,0,0,0,0.2,0.2,0.2,0.006060771
1.41,-0.3,1.41,0,0,0,0.2,0.2,0.2,0.006060988
1.41,-0.3,1.41,0,0,0,0.2,0.2,0.2,0.006060164
1.41,-0.3,1.41,0,0,0,0.2,0.2,0.2,0.006060955
1.41,-0.3,1.41,0,0,0,0.2,0.2,0.2,0.00606065
1.41,-0.3,1.41,0,0,0,0.2,0.2,0.2,0.006060905
1.41,-0.3,1.41,0,0,0,0.2,0.2,0.2,0.006060469
1.41,-0.3,1.41,0,0,0,0.2,0.2,0.2,0.006060898
1.41,-0.3,1.41,0,0,0,0.2,0.2,0.2,0.006060538
1.41,-0.3,1.41,0,0,0,0.2,0.2,0.2,0.006060524
1.41,-0.3,1.41,0,0,0,0.2,0.2,0.2,0.006060492
1.41,-0.3,1.41,0,0,0,0.2,0.2,0.2,0.006061259
1.41,-0.3,1.41,0,0,0,0.2,0.2,0.2,0.006060801
1.41,-0.3,1.41,0,0,0,0.2,0.2,0.2,0.006060374
1.41,-0.3,1.41,0,0,0,0.2,0.2,0.2,0.006060851
1.41,-0.3,1.41,0,0,0,0.2,0.2,0.2,0.006060946
1.41,-0.3,1.41,0,0,0,0.2,0.2,0.2,0.006060629
1.41,-0.3,1.41,0,0,0,0.2,0.2,0.2,0.006061149
1.41,-0.3,1.41,0,0,0,0.2,0.2,0.2,0.006060646
1.41,-0.3,1.41,0,0,0,0.2,0.2,0.2,0.006060375
1.41,-0.3,1.41,0,0,0,0.2,0.2,0.2,0.00606097
1.41,-0.3,1.41,0,0,0,0.2,0.2,0.2,0.006060607
1.41,-0.3,1.41,0,0,0,0.2,0.2,0.2,0.006061177
1.41,-0.3,1.41,0,0,0,0.2,0.2,0.2,0.00606027
1.41,-0.3,1.41,0,0,0,0.2,0.2,0.2,0.006060969
1.41,-0.3,1.41,0,0,0,0.2,0.2,0.2,0.006060724
1.41,-0.3,1.41,0,0,0,0.2,0.2,0.2,0.006060546
1.41,-0.3,1.41,0,0,0,0.2,0.2,0.2,0.006060678
1.41,-0.3,1.41,0,0,0,0.2,0.2,0.2,0.006061257
1.41,-0.3,1.41,0,0,0,0.2,0.2,0.2,0.006060097
1.41,-0.3,1.41,0,0,0,0.2,0.2,0.2,0.006061106
1.41,-0.3,1.41,0,0,0,0.2,0.2,0.2,0.006060369
1.41,-0.3,1.41,0,0,0,0.2,0.2,0.2,0.006060411
1.41,-0.3,1.41,0,0,0,0.2,0.2,0.2,0.006061819
1.41,-0.3,1.41,0,0,0,0.2,0.2,0.2,0.006059982
1.41,-0.3,1.41,0,0,0,0.2,0.2,0.2,0.006060458
1.41,-0.3,1.41,0,0,0,0.2,0.2,0.2,0.006060934
1.41,-0.3,1.41,0,0,0,0.2,0.2,0.2,0.00606039
1.41,-0.3,1.41,0,0,0,0.2,0.2,0.2,0.006061429
1.41,-0.3,1.41,0,0,0,0.2,0.2,0.2,0.006060374
1.41,-0.3,1.41,0,0,0,0.2,0.2,0.2,0.006060601
1.41,-0.3,1.41,0,0,0,0.2,0.2,0.2,0.006061286
1.41,-0.3,1.41,0,0,0,0.2,0.2,0.2,0.006060029
1.41,-0.3,1.41,0,0,0,0.2,0.2,0.2,0.00606143
1.41,-0.3,1.41,0,0,0,0.2,0.2,0.2,0.006060418
1.41,-0.3,1.41,0,0,0,0.2,0.2,0.2,0.006060115
1.41,-0.3,1.41,0,0,0,0.2,0.2,0.2,0.006061563
1.41,-0.3,1.41,0,0,0,0.2,0.2,0.2,0.00606036
1.41,-0.3,1.41,0,0,0,0.2,0.2,0.2,0.00606067
1.41,-0.3,1.41,0,0,0,0.2,0.2,0.2,0.006061193
1.41,-0.3,1.41,0,0,0,0.2,0.2,0.2,0.006060158
1.41,-0.3,1.41,0,0,0,0.2,0.2,0.2,0.00606069
1.41,-0.3,1.41,0,0,0,0.2,0.2,0.2,0.006060533
1.41,-0.3,1.41,0,0,0,0.2,0.2,0.2,0.006060799
1.41,-0.3,1.41,0,0,0,0.2,0.2,0.2,0.006061248
1.41,-0.3,1.41,0,0,0,0.2,0.2,0.2,0.006060262
1.41,-0.3,1.41,0,0,0,0.2,0.2,0.2,0.006060598
1.41,-0.3,1.41,0,0,0,0.2,0.2,0.2,0.006060956
1.41,-0.3,1.41,0,0,0,0.2,0.2,0.2,0.006060393
1.41,-0.3,1.41,0,0,0,0.2,0.2,0.2,0.006061424
1.41,-0.3,1.41,0,0,0,0.2,0.2,0.2,0.006060056
1.41,-0.3,1.41,0,0,0,0.2,0.2,0.2,0.006060988
1.41,-0.3,1.41,0,0,0,0.2,0.2,0.2,0.006060969
1.41,-0.3,1.41,0,0,0,0.2,0.2,0.2,0.006060219
1.41,-0.3,1.41,0,0,0,0.2,0.2,0.2,0.006060801
1.41,-0.3,1.41,0,0,0,0.2,0.2,0.2,0.006060619
1.41,-0.3,1.41,0,0,0,0.2,0.2,0.2,0.006060925
1.41,-0.3,1.41,0,0,0,0.2,0.2,0.2,0.00606102
1.41,-0.3,1.41,0,0,0,0.2,0.2,0.2,0.006060237
1.41,-0.3,1.41,0,0,0,0.2,0.2,0.2,0.006060964
1.41,-0.3,1.41,0,0,0,0.2,0.2,0.2,0.00606098
1.41,-0.3,1.41,0,0,0,0.2,0.2,0.2,0.006060397
1.41,-0.3,1.41,0,0,0,0.2,0.2,0.2,0.006060937
1.41,-0.3,1.41,0,0,0,0.2,0.2,0.2,0.006060261
1.41,-0.3,1.41,0,0,0,0.2,0.2,0.2,0.006060945
1.41,-0.3,1.41,0,0,0,0.2,0.2,0.2,0.006061532
1.41,-0.3,1.41,0,0,0,0.2,0.2,0.2,0.006060071
1.41,-0.3,1.41,0,0,0,0.2,0.2,0.2,0.006060596
1.41,-0.3,1.41,0,0,0,0.2,0.2,0.2,0.006060725
1.41,-0.3,1.41,0,0,0,0.2,0.2,0.2,0.006060657
1.41,-0.3,1.41,0,0,0,0.2,0.2,0.2,0.006060641
1.41,-0.3,1.41,0,0,0,0.2,0.2,0.2,0.006060625
1.41,-0.3,1.41,0,0,0,0.2,0.2,0.2,0.006061022
1.41,-0.3,1.41,0,0,0,0.2,0.2,0.2,0.006060862
1.41,-0.3,1.41,0,0,0,0.2,0.2,0.2,0.006060671
1.41,-0.3,1.41,0,0,0,0.2,0.2,0.2,0.006060295
1.41,-0.3,1.41,0,0,0,0.2,0.2,0.2,0.00606152
1.41,-0.3,1.41,0,0,0,0.2,0.2,0.2,0.006060074
1.41,-0.3,1.41,0,0,0,0.2,0.2,0.2,0.006061284
1.41,-0.3,1.41,0,0,0,0.2,0.2,0.2,0.006060454
1.41,-0.3,1.41,0,0,0,0.2,0.2,0.2,0.006060313
1.41,-0.3,1.41,0,0,0,0.2,0.2,0.2,0.006061611
1.41,-0.3,1.41,0,0,0,0.2,0.2,0.2,0.006060285
1.41,-0.3,1.41,0,0,0,0.2,0.2,0.2,0.006060328
1.41,-0.3,1.41,0,0,0,0.2,0.2,0.2,0.006061251
1.41,-0.3,1.41,0,0,0,0.2,0.2,0.2,0.006060159
1.41,-0.3,1.41,0,0,0,0.2,0.2,0.2,0.00606136
1.41,-0.3,1.41,0,0,0,0.2,0.2,0.2,0.006060388
1.41,-0.3,1.41,0,0,0,0.2,0.2,0.2,0.006060348
1.41,-0.3,1.41,0,0,0,0.2,0.2,0.2,0.006061402
1.41,-0.3,1.41,0,0,0,0.2,0.2,0.2,0.006059954
1.41,-0.3,1.41,0,0,0,0.2,0.2,0.2,0.006061963
1.41,-0.3,1.41,0,0,0,0.2,0.2,0.2,0.006060033
1.41,-0.3,1.41,0,0,0,0.2,0.2,0.2,0.006060154
1.41,-0.3,1.41,0,0,0,0.2,0.2,0.2,0.006061691
1.41,-0.3,1.41,0,0,0,0.2,0.2,0.2,0.006060312
1.41,-0.3,1.41,0,0,0,0.2,0.2,0.2,0.006060072
1.41,-0.3,1.41,0,0,0,0.2,0.2,0.2,0.006061713
1.41,-0.3,1.41,0,0,0,0.2,0.2,0.2,0.006060088
1.41,-0.3,1.41,0,0,0,0.2,0.2,0.2,0.006061491
1.41,-0.3,1.41,0,0,0,0.2,0.2,0.2,0.006060376
1.41,-0.3,1.41,0,0,0,0.2,0.2,0.2,0.006060196
1.41,-0.3,1.41,0,0,0,0.2,0.2,0.2,0.006061714
1.41,-0.3,1.41,0,0,0,0.2,0.2,0.2,0.006060128
1.41,-0.3,1.41,0,0,0,0.2,0.2,0.2,0.006060778
1.41,-0.3,1.41,0,0,0,0.2,0.2,0.2,0.006060641
1.41,-0.3,1.41,0,0,0,0.2,0.2,0.2,0.00606073
1.41,-0.3,1.41,0,0,0,0.2,0.2,0.2,0.006061067
1.41,-0.3,1.41,0,0,0,0.2,0.2,0.2,0.006060084
1.41,-0.3,1.41,0,0,0,0.2,0.2,0.2,0.006061042
1.41,-0.3,1.41,0,0,0,0.2,0.2,0.2,0.00606134
1.41,-0.3,1.41,0,0,0,0.2,0.2,0.2,0.006059878
1.41,-0.3,1.41,0,0,0,0.2,0.2,0.2,0.006061438
1.41,-0.3,1.41,0,0,0,0.2,0.2,0.2,0.006060266
1.41,-0.3,1.41,0,0,0,0.2,0.2,0.2,0.006060437
1.41,-0.3,1.41,0,0,0,0.2,0.2,0.2,0.006061078
1.41,-0.3,1.41,0,0,0,0.2,0.2,0.2,0.006060766
1.41,-0.3,1.41,0,0,0,0.2,0.2,0.2,0.006060718
1.41,-0.3,1.41,0,0,0,0.2,0.2,0.2,0.006061106
1.41,-0.3,1.41,0,0,0,0.2,0.2,0.2,0.006060074
1.41,-0.3,1.41,0,0,0,0.2,0.2,0.2,0.006060642
1.41,-0.3,1.41,0,0,0,0.2,0.2,0.2,0.006061033
1.41,-0.3,1.41,0,0,0,0.2,0.2,0.2,0.006060879
1.41,-0.3,1.41,0,0,0,0.2,0.2,0.2,0.006061067
1.41,-0.3,1.41,0,0,0,0.2,0.2,0.2,0.00606018
1.41,-0.3,1.41,0,0,0,0.2,0.2,0.2,0.006060794
1.41,-0.3,1.41,0,0,0,0.2,0.2,0.2,0.006060455
1.41,-0.3,1.41,0,0,0,0.2,0.2,0.2,0.006060654
1.41,-0.3,1.41,0,0,0,0.2,0.2,0.2,0.006061517
1.41,-0.3,1.41,0,0,0,0.2,0.2,0.2,0.006060509
1.41,-0.3,1.41,0,0,0,0.2,0.2,0.2,0.006060386
1.41,-0.3,1.41,0,0,0,0.2,0.2,0.2,0.006061492
1.41,-0.3,1.41,0,0,0,0.2,0.2,0.2,0.006060006
1.41,-0.3,1.41,0,0,0,0.2,0.2,0.2,0.00606178
1.41,-0.3,1.41,0,0,0,0.2,0.2,0.2,0.006060188
1.41,-0.3,1.41,0,0,0,0.2,0.2,0.2,0.006060503
1.41,-0.3,1.41,0,0,0,0.2,0.2,0.2,0.006061164
1.41,-0.3,1.41,0,0,0,0.2,0.2,0.2,0.006060066
1.41,-0.3,1.41,0,0,0,0.2,0.2,0.2,0.006061632
1.41,-0.3,1.41,0,0,0,0.2,0.2,0.2,0.006060253
1.41,-0.3,1.41,0,0,0,0.2,0.2,0.2,0.006060496
1.41,-0.3,1.41,0,0,0,0.2,0.2,0.2,0.006060288
1.41,-0.3,1.41,0,0,0,0.2,0.2,0.2,0.006060994
1.41,-0.3,1.41,0,0,0,0.2,0.2,0.2,0.006060612
1.41,-0.3,1.41,0,0,0,0.2,0.2,0.2,0.006061281
1.41,-0.3,1.41,0,0,0,0.2,0.2,0.2,0.006060168
1.41,-0.3,1.41,0,0,0,0.2,0.2,0.2,0.006060423
1.41,-0.3,1.41,0,0,0,0.2,0.2,0.2,0.006061275
1.41,-0.3,1.41,0,0,0,0.2,0.2,0.2,0.006060866
1.41,-0.3,1.41,0,0,0,0.2,0.2,0.2,0.006060771
1.41,-0.3,1.41,0,0,0,0.2,0.2,0.2,0.006060292
1.41,-0.3,1.41,0,0,0,0.2,0.2,0.2,0.006060621
1.41,-0.3,1.41,0,0,0,0.2,0.2,0.2,0.006061005
1.41,-0.3,1.41,0,0,0,0.2,0.2,0.2,0.006060611
1.41,-0.3,1.41,0,0,0,0.2,0.2,0.2,0.006060833
1.41,-0.3,1.41,0,0,0,0.2,0.2,0.2,0.006064812
1.41,-0.3,1.41,0,0,0,0.2,0.2,0.2,0.00606006
1.41,-0.3,1.41,0,0,0,0.2,0.2,0.2,0.006060299
1.41,-0.3,1.41,0,0,0,0.2,0.2,0.2,0.006061019
1.41,-0.3,1.41,0,0,0,0.2,0.2,0.2,0.006060758
1.41,-0.3,1.41,0,0,0,0.2,0.2,0.2,0.006061542
1.41,-0.3,1.41,0,0,0,0.2,0.2,0.2,0.006059876
1.41,-0.3,1.41,0,0,0,0.2,0.2,0.2,0.006060972
1.41,-0.3,1.41,0,0,0,0.2,0.2,0.2,0.006060961
1.41,-0.3,1.41,0,0,0,0.2,0.2,0.2,0.006060272
1.41,-0.3,1.41,0,0,0,0.2,0.2,0.2,0.006061151
1.41,-0.3,1.41,0,0,0,0.2,0.2,0.2,0.00606107
1.41,-0.3,1.41,0,0,0,0.2,0.2,0.2,0.006060025
1.41,-0.3,1.41,0,0,0,0.2,0.2,0.2,0.00606125
1.41,-0.3,1.41,0,0,0,0.2,0.2,0.2,0.006059988
1.41,-0.3,1.41,0,0,0,0.2,0.2,0.2,0.006060823
1.41,-0.3,1.41,0,0,0,0.2,0.2,0.2,0.006061044
1.41,-0.3,1.41,0,0,0,0.2,0.2,0.2,0.006060667
1.41,-0.3,1.41,0,0,0,0.2,0.2,0.2,0.006061292
1.41,-0.3,1.41,0,0,0,0.2,0.2,0.2,0.006059771
1.41,-0.3,1.41,0,0,0,0.2,0.2,0.2,0.006061076
1.41,-0.3,1.41,0,0,0,0.2,0.2,0.2,0.006061219
1.41,-0.3,1.41,0,0,0,0.2,0.2,0.2,0.006060184
1.41,-0.3,1.41,0,0,0,0.2,0.2,0.2,0.006061298
1.41,-0.3,1.41,0,0,0,0.2,0.2,0.2,0.00606023
1.41,-0.3,1.41,0,0,0,0.2,0.2,0.2,0.006060814
1.41,-0.3,1.41,0,0,0,0.2,0.2,0.2,0.006060792
1.41,-0.3,1.41,0,0,0,0.2,0.2,0.2,0.00606062
1.41,-0.3,1.41,0,0,0,0.2,0.2,0.2,0.006061259
1.41,-0.3,1.41,0,0,0,0.2,0.2,0.2,0.006060577
1.41,-0.3,1.41,0,0,0,0.2,0.2,0.2,0.006060345
1.41,-0.3,1.41,0,0,0,0.2,0.2,0.2,0.006061583
1.41,-0.3,1.41,0,0,0,0.2,0.2,0.2,0.00605987
1.41,-0.3,1.41,0,0,0,0.2,0.2,0.2,0.006060664
1.41,-0.3,1.41,0,0,0,0.2,0.2,0.2,0.006061515
1.41,-0.3,1.41,0,0,0,0.2,0.2,0.2,0.006059772
1.41,-0.3,1.41,0,0,0,0.2,0.2,0.2,0.006061702
1.41,-0.3,1.41,0,0,0,0.2,0.2,0.2,0.006060015
1.41,-0.3,1.41,0,0,0,0.2,0.2,0.2,0.006060683
1.41,-0.3,1.41,0,0,0,0.2,0.2,0.2,0.006061345
1.41,-0.3,1.41,0,0,0,0.2,0.2,0.2,0.006060451
1.41,-0.3,1.41,0,0,0,0.2,0.2,0.2,0.006061171
1.41,-0.3,1.41,0,0,0,0.2,0.2,0.2,0.00606012
1.41,-0.3,1.41,0,0,0,0.2,0.2,0.2,0.006061202
1.41,-0.3,1.41,0,0,0,0.2,0.2,0.2,0.006061107
1.41,-0.3,1.41,0,0,0,0.2,0.2,0.2,0.006059775
1.41,-0.3,1.41,0,0,0,0.2,0.2,0.2,0.006061079
1.41,-0.3,1.41,0,0,0,0.2,0.2,0.2,0.006060823
1.41,-0.3,1.41,0,0,0,0.2,0.2,0.2,0.006060934
1.41,-0.3,1.41,0,0,0,0.2,0.2,0.2,0.006060891
1.41,-0.3,1.41,0,0,0,0.2,0.2,0.2,0.006060292
1.41,-0.3,1.41,0,0,0,0.2,0.2,0.2,0.006060594
1.41,-0.3,1.41,0,0,0,0.2,0.2,0.2,0.006061257
1.41,-0.3,1.41,0,0,0,0.2,0.2,0.2,0.006060138
1.41,-0.3,1.41,0,0,0,0.2,0.2,0.2,0.006061482
1.41,-0.3,1.41,0,0,0,0.2,0.2,0.2,0.00606027
1.41,-0.3,1.41,0,0,0,0.2,0.2,0.2,0.006060832
1.41,-0.3,1.41,0,0,0,0.2,0.2,0.2,0.00606122
1.41,-0.3,1.41,0,0,0,0.2,0.2,0.2,0.006060365
1.41,-0.3,1.41,0,0,0,0.2,0.2,0.2,0.006061322
1.41,-0.3,1.41,0,0,0,0.2,0.2,0.2,0.006060176
1.41,-0.3,1.41,0,0,0,0.2,0.2,0.2,0.00606079
1.41,-0.3,1.41,0,0,0,0.2,0.2,0.2,0.006061183
1.41,-0.3,1.41,0,0,0,0.2,0.2,0.2,0.006060024
1.41,-0.3,1.41,0,0,0,0.2,0.2,0.2,0.006060739
1.41,-0.3,1.41,0,0,0,0.2,0.2,0.2,0.006060926
1.41,-0.3,1.41,0,0,0,0.2,0.2,0.2,0.00606062
1.41,-0.3,1.41,0,0,0,0.2,0.2,0.2,0.006060568
1.41,-0.3,1.41,0,0,0,0.2,0.2,0.2,0.006060609
1.41,-0.3,1.41,0,0,0,0.2,0.2,0.2,0.006061209
1.41,-0.3,1.41,0,0,0,0.2,0.2,0.2,0.006061085
1.41,-0.3,1.41,0,0,0,0.2,0.2,0.2,0.006060147
1.41,-0.3,1.41,0,0,0,0.2,0.2,0.2,0.00606095
1.41,-0.3,1.41,0,0,0,0.2,0.2,0.2,0.006060747
1.41,-0.3,1.41,0,0,0,0.2,0.2,0.2,0.006060621
1.41,-0.3,1.41,0,0,0,0.2,0.2,0.2,0.006060104
1.41,-0.3,1.41,0,0,0,0.2,0.2,0.2,0.006061174
1.41,-0.3,1.41,0,0,0,0.2,0.2,0.2,0.006060971
1.41,-0.3,1.41,0,0,0,0.2,0.2,0.2,0.006061078
1.41,-0.3,1.41,0,0,0,0.2,0.2,0.2,0.006060058
1.41,-0.3,1.41,0,0,0,0.2,0.2,0.2,0.006061377
1.41,-0.3,1.41,0,0,0,0.2,0.2,0.2,0.006060505
1.41,-0.3,1.41,0,0,0,0.2,0.2,0.2,0.006060282
1.41,-0.3,1.41,0,0,0,0.2,0.2,0.2,0.00606129
1.41,-0.3,1.41,0,0,0,0.2,0.2,0.2,0.006060411
1.41,-0.3,1.41,0,0,0,0.2,0.2,0.2,0.006060495
1.41,-0.3,1.41,0,0,0,0.2,0.2,0.2,0.006061301
1.41,-0.3,1.41,0,0,0,0.2,0.2,0.2,0.006060448
1.41,-0.3,1.41,0,0,0,0.2,0.2,0.2,0.006060979
1.41,-0.3,1.41,0,0,0,0.2,0.2,0.2,0.006060722
1.41,-0.3,1.41,0,0,0,0.2,0.2,0.2,0.006060293
1.41,-0.3,1.41,0,0,0,0.2,0.2,0.2,0.006061591
1.41,-0.3,1.41,0,0,0,0.2,0.2,0.2,0.006060543
1.41,-0.3,1.41,0,0,0,0.2,0.2,0.2,0.006060378
1.41,-0.3,1.41,0,0,0,0.2,0.2,0.2,0.006060924
1.41,-0.3,1.41,0,0,0,0.2,0.2,0.2,0.006060826
1.41,-0.3,1.41,0,0,0,0.2,0.2,0.2,0.006060799
1.41,-0.3,1.41,0,0,0,0.2,0.2,0.2,0.006060628
1.41,-0.3,1.41,0,0,0,0.2,0.2,0.2,0.006089855
1.41,-0.3,1.41,0,0,0,0.2,0.2,0.2,0.006060562
1.41,-0.3,1.41,0,0,0,0.2,0.2,0.2,0.006061033
1.41,-0.3,1.41,0,0,0,0.2,0.2,0.2,0.006059945
1.41,-0.3,1.41,0,0,0,0.2,0.2,0.2,0.006061436
1.41,-0.3,1.41,0,0,0,0.2,0.2,0.2,0.006060709
1.41,-0.3,1.41,0,0,0,0.2,0.2,0.2,0.006060137
1.41,-0.3,1.41,0,0,0,0.2,0.2,0.2,0.006060725
1.41,-0.3,1.41,0,0,0,0.2,0.2,0.2,0.006060582
1.41,-0.3,1.41,0,0,0,0.2,0.2,0.2,0.006060995
1.41,-0.3,1.41,0,0,0,0.2,0.2,0.2,0.006061248
1.41,-0.3,1.41,0,0,0,0.2,0.2,0.2,0.006060345
1.41,-0.3,1.41,0,0,0,0.2,0.2,0.2,0.006060823
1.41,-0.3,1.41,0,0,0,0.2,0.2,0.2,0.006060647
1.41,-0.3,1.41,0,0,0,0.2,0.2,0.2,0.00606054
1.41,-0.3,1.41,0,0,0,0.2,0.2,0.2,0.006061257
1.41,-0.3,1.41,0,0,0,0.2,0.2,0.2,0.006060053
1.41,-0.3,1.41,0,0,0,0.2,0.2,0.2,0.006060926
1.41,-0.3,1.41,0,0,0,0.2,0.2,0.2,0.006061035
1.41,-0.3,1.41,0,0,0,0.2,0.2,0.2,0.00606045
1.41,-0.3,1.41,0,0,0,0.2,0.2,0.2,0.006060493
1.41,-0.3,1.41,0,0,0,0.2,0.2,0.2,0.006061342
1.41,-0.3,1.41,0,0,0,0.2,0.2,0.2,0.006060238
1.41,-0.3,1.41,0,0,0,0.2,0.2,0.2,0.006061713
1.41,-0.3,1.41,0,0,0,0.2,0.2,0.2,0.006059842
1.41,-0.3,1.41,0,0,0,0.2,0.2,0.2,0.006060744
1.41,-0.3,1.41,0,0,0,0.2,0.2,0.2,0.006061149
1.41,-0.3,1.41,0,0,0,0.2,0.2,0.2,0.006060342
1.41,-0.3,1.41,0,0,0,0.2,0.2,0.2,0.006061378
1.41,-0.3,1.41,0,0,0,0.2,0.2,0.2,0.00606017
1.41,-0.3,1.41,0,0,0,0.2,0.2,0.2,0.006060594
1.41,-0.3,1.41,0,0,0,0.2,0.2,0.2,0.006061181
1.41,-0.3,1.41,0,0,0,0.2,0.2,0.2,0.006060451
1.41,-0.3,1.41,0,0,0,0.2,0.2,0.2,0.006060488
1.41,-0.3,1.41,0,0,0,0.2,0.2,0.2,0.006065737
1.41,-0.3,1.41,0,0,0,0.2,0.2,0.2,0.006059587
1.41,-0.3,1.41,0,0,0,0.2,0.2,0.2,0.006061643
1.41,-0.3,1.41,0,0,0,0.2,0.2,0.2,0.006060267
1.41,-0.3,1.41,0,0,0,0.2,0.2,0.2,0.006060555
1.41,-0.3,1.41,0,0,0,0.2,0.2,0.2,0.006061262
1.41,-0.3,1.41,0,0,0,0.2,0.2,0.2,0.006060131
1.41,-0.3,1.41,0,0,0,0.2,0.2,0.2,0.006060479
1.41,-0.3,1.41,0,0,0,0.2,0.2,0.2,0.006061112
1.41,-0.3,1.41,0,0,0,0.2,0.2,0.2,0.006060457
1.41,-0.3,1.41,0,0,0,0.2,0.2,0.2,0.006061554
1.41,-0.3,1.41,0,0,0,0.2,0.2,0.2,0.006059889
1.41,-0.3,1.41,0,0,0,0.2,0.2,0.2,0.006060967
1.41,-0.3,1.41,0,0,0,0.2,0.2,0.2,0.006061045
1.41,-0.3,1.41,0,0,0,0.2,0.2,0.2,0.00606025
1.41,-0.3,1.41,0,0,0,0.2,0.2,0.2,0.006061358
1.41,-0.3,1.41,0,0,0,0.2,0.2,0.2,0.00606033
1.41,-0.3,1.41,0,0,0,0.2,0.2,0.2,0.006060971
1.41,-0.3,1.41,0,0,0,0.2,0.2,0.2,0.006061019
1.41,-0.3,1.41,0,0,0,0.2,0.2,0.2,0.006059966
1.41,-0.3,1.41,0,0,0,0.2,0.2,0.2,0.006061529
1.41,-0.3,1.41,0,0,0,0.2,0.2,0.2,0.006059489
1.41,-0.3,1.41,0,0,0,0.2,0.2,0.2,0.006061474
1.41,-0.3,1.41,0,0,0,0.2,0.2,0.2,0.006061051
1.41,-0.3,1.41,0,0,0,0.2,0.2,0.2,0.006060171
1.41,-0.3,1.41,0,0,0,0.2,0.2,0.2,0.006060905
1.41,-0.3,1.41,0,0,0,0.2,0.2,0.2,0.006061012
1.41,-0.3,1.41,0,0,0,0.2,0.2,0.2,0.006060339
1.41,-0.3,1.41,0,0,0,0.2,0.2,0.2,0.006061635
1.41,-0.3,1.41,0,0,0,0.2,0.2,0.2,0.00605969
1.41,-0.3,1.41,0,0,0,0.2,0.2,0.2,0.006060947
1.41,-0.3,1.41,0,0,0,0.2,0.2,0.2,0.006061103
1.41,-0.3,1.41,0,0,0,0.2,0.2,0.2,0.006060295
1.41,-0.3,1.41,0,0,0,0.2,0.2,0.2,0.0060615
1.41,-0.3,1.41,0,0,0,0.2,0.2,0.2,0.00606011
1.41,-0.3,1.41,0,0,0,0.2,0.2,0.2,0.006060848
1.41,-0.3,1.41,0,0,0,0.2,0.2,0.2,0.006061614
1.41,-0.3,1.41,0,0,0,0.2,0.2,0.2,0.00605981
1.41,-0.3,1.41,0,0,0,0.2,0.2,0.2,0.006060821
1.41,-0.3,1.41,0,0,0,0.2,0.2,0.2,0.006061043
1.41,-0.3,1.41,0,0,0,0.2,0.2,0.2,0.006060991
1.41,-0.3,1.41,0,0,0,0.2,0.2,0.2,0.006061236
1.41,-0.3,1.41,0,0,0,0.2,0.2,0.2,0.006059823
1.41,-0.3,1.41,0,0,0,0.2,0.2,0.2,0.006060969
1.41,-0.3,1.41,0,0,0,0.2,0.2,0.2,0.006060956
1.41,-0.3,1.41,0,0,0,0.2,0.2,0.2,0.006060265
1.41,-0.3,1.41,0,0,0,0.2,0.2,0.2,0.006061239
1.41,-0.3,1.41,0,0,0,0.2,0.2,0.2,0.006060149
1.41,-0.3,1.41,0,0,0,0.2,0.2,0.2,0.006060744
1.41,-0.3,1.41,0,0,0,0.2,0.2,0.2,0.006061059
1.41,-0.3,1.41,0,0,0,0.2,0.2,0.2,0.006060416
1.41,-0.3,1.41,0,0,0,0.2,0.2,0.2,0.006060783
1.41,-0.3,1.41,0,0,0,0.2,0.2,0.2,0.006060723
1.41,-0.3,1.41,0,0,0,0.2,0.2,0.2,0.006060757
1.41,-0.3,1.41,0,0,0,0.2,0.2,0.2,0.006061002
1.41,-0.3,1.41,0,0,0,0.2,0.2,0.2,0.006060172
1.41,-0.3,1.41,0,0,0,0.2,0.2,0.2,0.006061025
1.41,-0.3,1.41,0,0,0,0.2,0.2,0.2,0.006060955
1.41,-0.3,1.41,0,0,0,0.2,0.2,0.2,0.006060325
1.41,-0.3,1.41,0,0,0,0.2,0.2,0.2,0.006063755
1.41,-0.3,1.41,0,0,0,0.2,0.2,0.2,0.006057512
1.41,-0.3,1.41,0,0,0,0.2,0.2,0.2,0.006061529
1.41,-0.3,1.41,0,0,0,0.2,0.2,0.2,0.006060579
1.41,-0.3,1.41,0,0,0,0.2,0.2,0.2,0.006060556
1.41,-0.3,1.41,0,0,0,0.2,0.2,0.2,0.00606093
1.41,-0.3,1.41,0,0,0,0.2,0.2,0.2,0.006060165
1.41,-0.3,1.41,0,0,0,0.2,0.2,0.2,0.006061091
1.41,-0.3,1.41,0,0,0,0.2,0.2,0.2,0.006060296
1.41,-0.3,1.41,0,0,0,0.2,0.2,0.2,0.006061055
1.41,-0.3,1.41,0,0,0,0.2,0.2,0.2,0.006060839
1.41,-0.3,1.41,0,0,0,0.2,0.2,0.2,0.006060861
1.41,-0.3,1.41,0,0,0,0.2,0.2,0.2,0.006060789
1.41,-0.3,1.41,0,0,0,0.2,0.2,0.2,0.006060246
1.41,-0.3,1.41,0,0,0,0.2,0.2,0.2,0.006061343
1.41,-0.3,1.41,0,0,0,0.2,0.2,0.2,0.006060329
1.41,-0.3,1.41,0,0,0,0.2,0.2,0.2,0.006061374
1.41,-0.3,1.41,0,0,0,0.2,0.2,0.2,0.006059997
1.41,-0.3,1.41,0,0,0,0.2,0.2,0.2,0.006060658
1.41,-0.3,1.41,0,0,0,0.2,0.2,0.2,0.006061161
1.41,-0.3,1.41,0,0,0,0.2,0.2,0.2,0.006060197
1.41,-0.3,1.41,0,0,0,0.2,0.2,0.2,0.006060771
1.41,-0.3,1.41,0,0,0,0.2,0.2,0.2,0.006060747
1.41,-0.3,1.41,0,0,0,0.2,0.2,0.2,0.006060464
1.41,-0.3,1.41,0,0,0,0.2,0.2,0.2,0.006061638
1.41,-0.3,1.41,0,0,0,0.2,0.2,0.2,0.006060171
1.41,-0.3,1.41,0,0,0,0.2,0.2,0.2,0.006060323
1.41,-0.3,1.41,0,0,0,0.2,0.2,0.2,0.006061429
1.41,-0.3,1.41,0,0,0,0.2,0.2,0.2,0.00606027
1.41,-0.3,1.41,0,0,0,0.2,0.2,0.2,0.006061443
1.41,-0.3,1.41,0,0,0,0.2,0.2,0.2,0.006060044
1.41,-0.3,1.41,0,0,0,0.2,0.2,0.2,0.006060439
1.41,-0.3,1.41,0,0,0,0.2,0.2,0.2,0.006061385
1.41,-0.3,1.41,0,0,0,0.2,0.2,0.2,0.006060429
1.41,-0.3,1.41,0,0,0,0.2,0.2,0.2,0.006060256
1.41,-0.3,1.41,0,0,0,0.2,0.2,0.2,0.006061787
1.41,-0.3,1.41,0,0,0,0.2,0.2,0.2,0.006059902
1.41,-0.3,1.41,0,0,0,0.2,0.2,0.2,0.006061345
1.41,-0.3,1.41,0,0,0,0.2,0.2,0.2,0.006060272
1.41,-0.3,1.41,0,0,0,0.2,0.2,0.2,0.006060529
1.41,-0.3,1.41,0,0,0,0.2,0.2,0.2,0.006061601
1.41,-0.3,1.41,0,0,0,0.2,0.2,0.2,0.00605922
1.41,-0.3,1.41,0,0,0,0.2,0.2,0.2,0.006061523
1.41,-0.3,1.41,0,0,0,0.2,0.2,0.2,0.006061254
1.41,-0.3,1.41,0,0,0,0.2,0.2,0.2,0.006059846
1.41,-0.3,1.41,0,0,0,0.2,0.2,0.2,0.006061469
1.41,-0.3,1.41,0,0,0,0.2,0.2,0.2,0.006060216
1.41,-0.3,1.41,0,0,0,0.2,0.2,0.2,0.006060823
1.41,-0.3,1.41,0,0,0,0.2,0.2,0.2,0.00606096
1.41,-0.3,1.41,0,0,0,0.2,0.2,0.2,0.006060065
1.41,-0.3,1.41,0,0,0,0.2,0.2,0.2,0.006061726
1.41,-0.3,1.41,0,0,0,0.2,0.2,0.2,0.006059913
1.41,-0.3,1.41,0,0,0,0.2,0.2,0.2,0.006060969
1.41,-0.3,1.41,0,0,0,0.2,0.2,0.2,0.006061066
1.41,-0.3,1.41,0,0,0,0.2,0.2,0.2,0.006060259
1.41,-0.3,1.41,0,0,0,0.2,0.2,0.2,0.006060919
1.41,-0.3,1.41,0,0,0,0.2,0.2,0.2,0.006060944
1.41,-0.3,1.41,0,0,0,0.2,0.2,0.2,0.006060501
1.41,-0.3,1.41,0,0,0,0.2,0.2,0.2,0.006060492
1.41,-0.3,1.41,0,0,0,0.2,0.2,0.2,0.006061052
1.41,-0.3,1.41,0,0,0,0.2,0.2,0.2,0.006060467
1.41,-0.3,1.41,0,0,0,0.2,0.2,0.2,0.006061433
1.41,-0.3,1.41,0,0,0,0.2,0.2,0.2,0.006059888
1.41,-0.3,1.41,0,0,0,0.2,0.2,0.2,0.006061018
1.41,-0.3,1.41,0,0,0,0.2,0.2,0.2,0.006060524
1.41,-0.3,1.41,0,0,0,0.2,0.2,0.2,0.006060883
1.41,-0.3,1.41,0,0,0,0.2,0.2,0.2,0.006061359
1.41,-0.3,1.41,0,0,0,0.2,0.2,0.2,0.006059859
1.41,-0.3,1.41,0,0,0,0.2,0.2,0.2,0.006060954
1.41,-0.3,1.41,0,0,0,0.2,0.2,0.2,0.006060851
1.41,-0.3,1.41,0,0,0,0.2,0.2,0.2,0.006060653
1.41,-0.3,1.41,0,0,0,0.2,0.2,0.2,0.006061136
1.41,-0.3,1.41,0,0,0,0.2,0.2,0.2,0.006059803
1.41,-0.3,1.41,0,0,0,0.2,0.2,0.2,0.006061227
1.41,-0.3,1.41,0,0,0,0.2,0.2,0.2,0.006060736
1.41,-0.3,1.41,0,0,0,0.2,0.2,0.2,0.00606055
1.41,-0.3,1.41,0,0,0,0.2,0.2,0.2,0.006060869
1.41,-0.3,1.41,0,0,0,0.2,0.2,0.2,0.006060937
1.41,-0.3,1.41,0,0,0,0.2,0.2,0.2,0.006060327
1.41,-0.3,1.41,0,0,0,0.2,0.2,0.2,0.006060589
1.41,-0.3,1.41,0,0,0,0.2,0.2,0.2,0.00606115
1.41,-0.3,1.41,0,0,0,0.2,0.2,0.2,0.006060635
1.41,-0.3,1.41,0,0,0,0.2,0.2,0.2,0.006061047
1.41,-0.3,1.41,0,0,0,0.2,0.2,0.2,0.006060316
1.41,-0.3,1.41,0,0,0,0.2,0.2,0.2,0.006060713
1.41,-0.3,1.41,0,0,0,0.2,0.2,0.2,0.006061106
1.41,-0.3,1.41,0,0,0,0.2,0.2,0.2,0.006060265
1.41,-0.3,1.41,0,0,0,0.2,0.2,0.2,0.006061292
1.41,-0.3,1.41,0,0,0,0.2,0.2,0.2,0.006060205
1.41,-0.3,1.41,0,0,0,0.2,0.2,0.2,0.006060939
1.41,-0.3,1.41,0,0,0,0.2,0.2,0.2,0.006061026
1.41,-0.3,1.41,0,0,0,0.2,0.2,0.2,0.006060406
1.41,-0.3,1.41,0,0,0,0.2,0.2,0.2,0.006061121
1.41,-0.3,1.41,0,0,0,0.2,0.2,0.2,0.006060286
1.41,-0.3,1.41,0,0,0,0.2,0.2,0.2,0.006060176
1.41,-0.3,1.41,0,0,0,0.2,0.2,0.2,0.006062124
1.41,-0.3,1.41,0,0,0,0.2,0.2,0.2,0.006059851
1.41,-0.3,1.41,0,0,0,0.2,0.2,0.2,0.006060373
1.41,-0.3,1.41,0,0,0,0.2,0.2,0.2,0.006061817
1.41,-0.3,1.41,0,0,0,0.2,0.2,0.2,0.006059561
1.41,-0.3,1.41,0,0,0,0.2,0.2,0.2,0.006061683
1.41,-0.3,1.41,0,0,0,0.2,0.2,0.2,0.006060257
1.41,-0.3,1.41,0,0,0,0.2,0.2,0.2,0.006060437
1.41,-0.3,1.41,0,0,0,0.2,0.2,0.2,0.006061481
1.41,-0.3,1.41,0,0,0,0.2,0.2,0.2,0.006060168
1.41,-0.3,1.41,0,0,0,0.2,0.2,0.2,0.006060458
1.41,-0.3,1.41,0,0,0,0.2,0.2,0.2,0.006061751
1.41,-0.3,1.41,0,0,0,0.2,0.2,0.2,0.006059592
1.41,-0.3,1.41,0,0,0,0.2,0.2,0.2,0.0060617
1.41,-0.3,1.41,0,0,0,0.2,0.2,0.2,0.00606015
1.41,-0.3,1.41,0,0,0,0.2,0.2,0.2,0.006060592
1.41,-0.3,1.41,0,0,0,0.2,0.2,0.2,0.006061041
1.41,-0.3,1.41,0,0,0,0.2,0.2,0.2,0.006060457
1.41,-0.3,1.41,0,0,0,0.2,0.2,0.2,0.006060675
1.41,-0.3,1.41,0,0,0,0.2,0.2,0.2,0.006060856
1.41,-0.3,1.41,0,0,0,0.2,0.2,0.2,0.006060911
1.41,-0.3,1.41,0,0,0,0.2,0.2,0.2,0.006060776
1.41,-0.3,1.41,0,0,0,0.2,0.2,0.2,0.006060651
1.41,-0.3,1.41,0,0,0,0.2,0.2,0.2,0.006060521
1.41,-0.3,1.41,0,0,0,0.2,0.2,0.2,0.006061065
1.41,-0.3,1.41,0,0,0,0.2,0.2,0.2,0.006060485
1.41,-0.3,1.41,0,0,0,0.2,0.2,0.2,0.006060454
1.41,-0.3,1.41,0,0,0,0.2,0.2,0.2,0.006060816
1.41,-0.3,1.41,0,0,0,0.2,0.2,0.2,0.006061018
1.41,-0.3,1.41,0,0,0,0.2,0.2,0.2,0.006060729
1.41,-0.3,1.41,0,0,0,0.2,0.2,0.2,0.00606021
1.41,-0.3,1.41,0,0,0,0.2,0.2,0.2,0.006060791
1.41,-0.3,1.41,0,0,0,0.2,0.2,0.2,0.006060813
1.41,-0.3,1.41,0,0,0,0.2,0.2,0.2,0.00606078
1.41,-0.3,1.41,0,0,0,0.2,0.2,0.2,0.006061233
1.41,-0.3,1.41,0,0,0,0.2,0.2,0.2,0.006059873
1.41,-0.3,1.41,0,0,0,0.2,0.2,0.2,0.006061001
1.41,-0.3,1.41,0,0,0,0.2,0.2,0.2,0.006060795
1.41,-0.3,1.41,0,0,0,0.2,0.2,0.2,0.006060538
1.41,-0.3,1.41,0,0,0,0.2,0.2,0.2,0.006060915
1.41,-0.3,1.41,0,0,0,0.2,0.2,0.2,0.00606076
1.41,-0.3,1.41,0,0,0,0.2,0.2,0.2,0.006060698
1.41,-0.3,1.41,0,0,0,0.2,0.2,0.2,0.006061348
1.41,-0.3,1.41,0,0,0,0.2,0.2,0.2,0.006059784
1.41,-0.3,1.41,0,0,0,0.2,0.2,0.2,0.006061168
1.41,-0.3,1.41,0,0,0,0.2,0.2,0.2,0.006061035
1.41,-0.3,1.41,0,0,0,0.2,0.2,0.2,0.006060401
1.41,-0.3,1.41,0,0,0,0.2,0.2,0.2,0.006061517
1.41,-0.3,1.41,0,0,0,0.2,0.2,0.2,0.006059837
1.41,-0.3,1.41,0,0,0,0.2,0.2,0.2,0.006060793
1.41,-0.3,1.41,0,0,0,0.2,0.2,0.2,0.006061291
1.41,-0.3,1.41,0,0,0,0.2,0.2,0.2,0.006060771
1.41,-0.3,1.41,0,0,0,0.2,0.2,0.2,0.006060254
1.41,-0.3,1.41,0,0,0,0.2,0.2,0.2,0.006060724
1.41,-0.3,1.41,0,0,0,0.2,0.2,0.2,0.006060592
1.41,-0.3,1.41,0,0,0,0.2,0.2,0.2,0.006061279
1.41,-0.3,1.41,0,0,0,0.2,0.2,0.2,0.006060273
1.41,-0.3,1.41,0,0,0,0.2,0.2,0.2,0.006060548
1.41,-0.3,1.41,0,0,0,0.2,0.2,0.2,0.006061498
1.41,-0.3,1.41,0,0,0,0.2,0.2,0.2,0.006060004
1.41,-0.3,1.41,0,0,0,0.2,0.2,0.2,0.006060667
1.41,-0.3,1.41,0,0,0,0.2,0.2,0.2,0.006061002
1.41,-0.3,1.41,0,0,0,0.2,0.2,0.2,0.006060443
1.41,-0.3,1.41,0,0,0,0.2,0.2,0.2,0.006061246
1.41,-0.3,1.41,0,0,0,0.2,0.2,0.2,0.006060316
1.41,-0.3,1.41,0,0,0,0.2,0.2,0.2,0.006060497
1.41,-0.3,1.41,0,0,0,0.2,0.2,0.2,0.006060972
1.41,-0.3,1.41,0,0,0,0.2,0.2,0.2,0.00606073
1.41,-0.3,1.41,0,0,0,0.2,0.2,0.2,0.006060471
1.41,-0.3,1.41,0,0,0,0.2,0.2,0.2,0.006061035
1.41,-0.3,1.41,0,0,0,0.2,0.2,0.2,0.00606044
1.41,-0.3,1.41,0,0,0,0.2,0.2,0.2,0.006061395
1.41,-0.3,1.41,0,0,0,0.2,0.2,0.2,0.006060608
1.41,-0.3,1.41,0,0,0,0.2,0.2,0.2,0.006060595
1.41,-0.3,1.41,0,0,0,0.2,0.2,0.2,0.006060802
1.41,-0.3,1.41,0,0,0,0.2,0.2,0.2,0.006060632
1.41,-0.3,1.41,0,0,0,0.2,0.2,0.2,0.00606087
1.41,-0.3,1.41,0,0,0,0.2,0.2,0.2,0.006060501
1.41,-0.3,1.41,0,0,0,0.2,0.2,0.2,0.006060317
1.41,-0.3,1.41,0,0,0,0.2,0.2,0.2,0.006061448
1.41,-0.3,1.41,0,0,0,0.2,0.2,0.2,0.006060368
1.41,-0.3,1.41,0,0,0,0.2,0.2,0.2,0.006060444
1.41,-0.3,1.41,0,0,0,0.2,0.2,0.2,0.00606126
1.41,-0.3,1.41,0,0,0,0.2,0.2,0.2,0.006060427
1.41,-0.3,1.41,0,0,0,0.2,0.2,0.2,0.006061225
1.41,-0.3,1.41,0,0,0,0.2,0.2,0.2,0.006060476
1.41,-0.3,1.41,0,0,0,0.2,0.2,0.2,0.006060651
1.41,-0.3,1.41,0,0,0,0.2,0.2,0.2,0.006060846
1.41,-0.3,1.41,0,0,0,0.2,0.2,0.2,0.00606048
1.41,-0.3,1.41,0,0,0,0.2,0.2,0.2,0.006060417
1.41,-0.3,1.41,0,0,0,0.2,0.2,0.2,0.00606132
1.41,-0.3,1.41,0,0,0,0.2,0.2,0.2,0.006060452
1.41,-0.3,1.41,0,0,0,0.2,0.2,0.2,0.006061254
1.41,-0.3,1.41,0,0,0,0.2,0.2,0.2,0.006060125
1.41,-0.3,1.41,0,0,0,0.2,0.2,0.2,0.006061029
1.41,-0.3,1.41,0,0,0,0.2,0.2,0.2,0.00606089
1.41,-0.3,1.41,0,0,0,0.2,0.2,0.2,0.00606021
1.41,-0.3,1.41,0,0,0,0.2,0.2,0.2,0.006061921
1.41,-0.3,1.41,0,0,0,0.2,0.2,0.2,0.006059342
1.41,-0.3,1.41,0,0,0,0.2,0.2,0.2,0.006061322
1.41,-0.3,1.41,0,0,0,0.2,0.2,0.2,0.006061479
1.41,-0.3,1.41,0,0,0,0.2,0.2,0.2,0.006060365
1.41,-0.3,1.41,0,0,0,0.2,0.2,0.2,0.006061583
1.41,-0.3,1.41,0,0,0,0.2,0.2,0.2,0.006059705
1.41,-0.3,1.41,0,0,0,0.2,0.2,0.2,0.006060781
1.41,-0.3,1.41,0,0,0,0.2,0.2,0.2,0.006061016
1.41,-0.3,1.41,0,0,0,0.2,0.2,0.2,0.006060822
1.41,-0.3,1.41,0,0,0,0.2,0.2,0.2,0.006060981
1.41,-0.3,1.41,0,0,0,0.2,0.2,0.2,0.006060288
1.41,-0.3,1.41,0,0,0,0.2,0.2,0.2,0.006060424
1.41,-0.3,1.41,0,0,0,0.2,0.2,0.2,0.006061867
1.41,-0.3,1.41,0,0,0,0.2,0.2,0.2,0.006059672
1.41,-0.3,1.41,0,0,0,0.2,0.2,0.2,0.006060812
1.41,-0.3,1.41,0,0,0,0.2,0.2,0.2,0.006061408
1.41,-0.3,1.41,0,0,0,0.2,0.2,0.2,0.006059947
1.41,-0.3,1.41,0,0,0,0.2,0.2,0.2,0.006061443
1.41,-0.3,1.41,0,0,0,0.2,0.2,0.2,0.006060171
1.41,-0.3,1.41,0,0,0,0.2,0.2,0.2,0.006060586
1.41,-0.3,1.41,0,0,0,0.2,0.2,0.2,0.006061484
1.41,-0.3,1.41,0,0,0,0.2,0.2,0.2,0.006059945
1.41,-0.3,1.41,0,0,0,0.2,0.2,0.2,0.006061768
1.41,-0.3,1.41,0,0,0,0.2,0.2,0.2,0.006059803
1.41,-0.3,1.41,0,0,0,0.2,0.2,0.2,0.006060643
1.41,-0.3,1.41,0,0,0,0.2,0.2,0.2,0.006061135
1.41,-0.3,1.41,0,0,0,0.2,0.2,0.2,0.006060362
1.41,-0.3,1.41,0,0,0,0.2,0.2,0.2,0.006060844
1.41,-0.3,1.41,0,0,0,0.2,0.2,0.2,0.006061225
1.41,-0.3,1.41,0,0,0,0.2,0.2,0.2,0.006060617
1.41,-0.3,1.41,0,0,0,0.2,0.2,0.2,0.006061544
1.41,-0.3,1.41,0,0,0,0.2,0.2,0.2,0.006059568
1.41,-0.3,1.41,0,0,0,0.2,0.2,0.2,0.00606136
1.41,-0.3,1.41,0,0,0,0.2,0.2,0.2,0.00606053
1.41,-0.3,1.41,0,0,0,0.2,0.2,0.2,0.006060902
1.41,-0.3,1.41,0,0,0,0.2,0.2,0.2,0.006061232
1.41,-0.3,1.41,0,0,0,0.2,0.2,0.2,0.006059692
1.41,-0.3,1.41,0,0,0,0.2,0.2,0.2,0.00606127
1.41,-0.3,1.41,0,0,0,0.2,0.2,0.2,0.006060486
1.41,-0.3,1.41,0,0,0,0.2,0.2,0.2,0.00606101
1.41,-0.3,1.41,0,0,0,0.2,0.2,0.2,0.006061096
1.41,-0.3,1.41,0,0,0,0.2,0.2,0.2,0.006060104
1.41,-0.3,1.41,0,0,0,0.2,0.2,0.2,0.006060793
1.41,-0.3,1.41,0,0,0,0.2,0.2,0.2,0.006061102
1.41,-0.3,1.41,0,0,0,0.2,0.2,0.2,0.006059924
1.41,-0.3,1.41,0,0,0,0.2,0.2,0.2,0.006061204
1.41,-0.3,1.41,0,0,0,0.2,0.2,0.2,0.006060662
1.41,-0.3,1.41,0,0,0,0.2,0.2,0.2,0.006060707
1.41,-0.3,1.41,0,0,0,0.2,0.2,0.2,0.006061205
1.41,-0.3,1.41,0,0,0,0.2,0.2,0.2,0.006059774
1.41,-0.3,1.41,0,0,0,0.2,0.2,0.2,0.006061387
1.41,-0.3,1.41,0,0,0,0.2,0.2,0.2,0.006061127
1.41,-0.3,1.41,0,0,0,0.2,0.2,0.2,0.006060556
1.41,-0.3,1.41,0,0,0,0.2,0.2,0.2,0.006060358
1.41,-0.3,1.41,0,0,0,0.2,0.2,0.2,0.006060731
1.41,-0.3,1.41,0,0,0,0.2,0.2,0.2,0.006060664
1.41,-0.3,1.41,0,0,0,0.2,0.2,0.2,0.006060894
1.41,-0.3,1.41,0,0,0,0.2,0.2,0.2,0.006060828
1.41,-0.3,1.41,0,0,0,0.2,0.2,0.2,0.006060275
1.41,-0.3,1.41,0,0,0,0.2,0.2,0.2,0.006061403
1.41,-0.3,1.41,0,0,0,0.2,0.2,0.2,0.006060217
1.41,-0.3,1.41,0,0,0,0.2,0.2,0.2,0.006060432
1.41,-0.3,1.41,0,0,0,0.2,0.2,0.2,0.00606131
1.41,-0.3,1.41,0,0,0,0.2,0.2,0.2,0.006060282
1.41,-0.3,1.41,0,0,0,0.2,0.2,0.2,0.006061123
1.41,-0.3,1.41,0,0,0,0.2,0.2,0.2,0.006060609
1.41,-0.3,1.41,0,0,0,0.2,0.2,0.2,0.006060485
1.41,-0.3,1.41,0,0,0,0.2,0.2,0.2,0.006061279
1.41,-0.3,1.41,0,0,0,0.2,0.2,0.2,0.006060119
1.41,-0.3,1.41,0,0,0,0.2,0.2,0.2,0.006060655
1.41,-0.3,1.41,0,0,0,0.2,0.2,0.2,0.006061055
1.41,-0.3,1.41,0,0,0,0.2,0.2,0.2,0.006060378
1.41,-0.3,1.41,0,0,0,0.2,0.2,0.2,0.00606151
1.41,-0.3,1.41,0,0,0,0.2,0.2,0.2,0.006060175
1.41,-0.3,1.41,0,0,0,0.2,0.2,0.2,0.006060414
1.41,-0.3,1.41,0,0,0,0.2,0.2,0.2,0.006061339
1.41,-0.3,1.41,0,0,0,0.2,0.2,0.2,0.006063146
1.41,-0.3,1.41,0,0,0,0.2,0.2,0.2,0.006060453
1.41,-0.3,1.41,0,0,0,0.2,0.2,0.2,0.006061336
1.41,-0.3,1.41,0,0,0,0.2,0.2,0.2,0.006060142
1.41,-0.3,1.41,0,0,0,0.2,0.2,0.2,0.006061128
1.41,-0.3,1.41,0,0,0,0.2,0.2,0.2,0.006060729
1.41,-0.3,1.41,0,0,0,0.2,0.2,0.2,0.006066256
1.41,-0.3,1.41,0,0,0,0.2,0.2,0.2,0.006060382
1.41,-0.3,1.41,0,0,0,0.2,0.2,0.2,0.006060817
1.41,-0.3,1.41,0,0,0,0.2,0.2,0.2,0.006061189
1.41,-0.3,1.41,0,0,0,0.2,0.2,0.2,0.006060078
1.41,-0.3,1.41,0,0,0,0.2,0.2,0.2,0.006061854
1.41,-0.3,1.41,0,0,0,0.2,0.2,0.2,0.006059703
1.41,-0.3,1.41,0,0,0,0.2,0.2,0.2,0.006061069
1.41,-0.3,1.41,0,0,0,0.2,0.2,0.2,0.006061094
1.41,-0.3,1.41,0,0,0,0.2,0.2,0.2,0.006060296
1.41,-0.3,1.41,0,0,0,0.2,0.2,0.2,0.006060658
1.41,-0.3,1.41,0,0,0,0.2,0.2,0.2,0.006060852
1.41,-0.3,1.41,0,0,0,0.2,0.2,0.2,0.006060604
1.41,-0.3,1.41,0,0,0,0.2,0.2,0.2,0.00606122
1.41,-0.3,1.41,0,0,0,0.2,0.2,0.2,0.006060386
1.41,-0.3,1.41,0,0,0,0.2,0.2,0.2,0.00606045
1.41,-0.3,1.41,0,0,0,0.2,0.2,0.2,0.006061336
1.41,-0.3,1.41,0,0,0,0.2,0.2,0.2,0.006059968
1.41,-0.3,1.41,0,0,0,0.2,0.2,0.2,0.006061305
1.41,-0.3,1.41,0,0,0,0.2,0.2,0.2,0.006060566
1.41,-0.3,1.41,0,0,0,0.2,0.2,0.2,0.006060465
1.41,-0.3,1.41,0,0,0,0.2,0.2,0.2,0.006061453
1.41,-0.3,1.41,0,0,0,0.2,0.2,0.2,0.006059984
1.41,-0.3,1.41,0,0,0,0.2,0.2,0.2,0.006060988
1.41,-0.3,1.41,0,0,0,0.2,0.2,0.2,0.006060859
1.41,-0.3,1.41,0,0,0,0.2,0.2,0.2,0.006060528
1.41,-0.3,1.41,0,0,0,0.2,0.2,0.2,0.006061238
1.41,-0.3,1.41,0,0,0,0.2,0.2,0.2,0.006060158
1.41,-0.3,1.41,0,0,0,0.2,0.2,0.2,0.006060848
1.41,-0.3,1.41,0,0,0,0.2,0.2,0.2,0.00606155
1.41,-0.3,1.41,0,0,0,0.2,0.2,0.2,0.006059852
1.41,-0.3,1.41,0,0,0,0.2,0.2,0.2,0.006060728
1.41,-0.3,1.41,0,0,0,0.2,0.2,0.2,0.006061086
1.41,-0.3,1.41,0,0,0,0.2,0.2,0.2,0.006060081
1.41,-0.3,1.41,0,0,0,0.2,0.2,0.2,0.006061419
1.41,-0.3,1.41,0,0,0,0.2,0.2,0.2,0.006060296
1.41,-0.3,1.41,0,0,0,0.2,0.2,0.2,0.006060601
1.41,-0.3,1.41,0,0,0,0.2,0.2,0.2,0.006061411
1.41,-0.3,1.41,0,0,0,0.2,0.2,0.2,0.006060106
1.41,-0.3,1.41,0,0,0,0.2,0.2,0.2,0.006060698
1.41,-0.3,1.41,0,0,0,0.2,0.2,0.2,0.006060676
1.41,-0.3,1.41,0,0,0,0.2,0.2,0.2,0.006060641
1.41,-0.3,1.41,0,0,0,0.2,0.2,0.2,0.00606155
1.41,-0.3,1.41,0,0,0,0.2,0.2,0.2,0.006060259
1.41,-0.3,1.41,0,0,0,0.2,0.2,0.2,0.006060432
1.41,-0.3,1.41,0,0,0,0.2,0.2,0.2,0.00606116
1.41,-0.3,1.41,0,0,0,0.2,0.2,0.2,0.006060372
1.41,-0.3,1.41,0,0,0,0.2,0.2,0.2,0.006060582
1.41,-0.3,1.41,0,0,0,0.2,0.2,0.2,0.006060867
1.41,-0.3,1.41,0,0,0,0.2,0.2,0.2,0.006060794
1.41,-0.3,1.41,0,0,0,0.2,0.2,0.2,0.006060882
1.41,-0.3,1.41,0,0,0,0.2,0.2,0.2,0.006060652
1.41,-0.3,1.41,0,0,0,0.2,0.2,0.2,0.006060537
1.41,-0.3,1.41,0,0,0,0.2,0.2,0.2,0.006060893
1.41,-0.3,1.41,0,0,0,0.2,0.2,0.2,0.00606077
1.41,-0.3,1.41,0,0,0,0.2,0.2,0.2,0.00606031
1.41,-0.3,1.41,0,0,0,0.2,0.2,0.2,0.006061148
1.41,-0.3,1.41,0,0,0,0.2,0.2,0.2,0.00606053
1.41,-0.3,1.41,0,0,0,0.2,0.2,0.2,0.006061361
1.41,-0.3,1.41,0,0,0,0.2,0.2,0.2,0.006060152
1.41,-0.3,1.41,0,0,0,0.2,0.2,0.2,0.006060655
1.41,-0.3,1.41,0,0,0,0.2,0.2,0.2,0.006061377
1.41,-0.3,1.41,0,0,0,0.2,0.2,0.2,0.006060168
1.41,-0.3,1.41,0,0,0,0.2,0.2,0.2,0.006061009
1.41,-0.3,1.41,0,0,0,0.2,0.2,0.2,0.0060603
1.41,-0.3,1.41,0,0,0,0.2,0.2,0.2,0.006060832
1.41,-0.3,1.41,0,0,0,0.2,0.2,0.2,0.006061114
1.41,-0.3,1.41,0,0,0,0.2,0.2,0.2,0.006060155
1.41,-0.3,1.41,0,0,0,0.2,0.2,0.2,0.006060796
1.41,-0.3,1.41,0,0,0,0.2,0.2,0.2,0.006060948
1.41,-0.3,1.41,0,0,0,0.2,0.2,0.2,0.006060413
1.41,-0.3,1.41,0,0,0,0.2,0.2,0.2,0.006061247
1.41,-0.3,1.41,0,0,0,0.2,0.2,0.2,0.006060473
1.41,-0.3,1.41,0,0,0,0.2,0.2,0.2,0.006060627
1.41,-0.3,1.41,0,0,0,0.2,0.2,0.2,0.00606115
1.41,-0.3,1.41,0,0,0,0.2,0.2,0.2,0.006060142
1.41,-0.3,1.41,0,0,0,0.2,0.2,0.2,0.006060787
1.41,-0.3,1.41,0,0,0,0.2,0.2,0.2,0.006060908
1.41,-0.3,1.41,0,0,0,0.2,0.2,0.2,0.006060345
1.41,-0.3,1.41,0,0,0,0.2,0.2,0.2,0.006061897
1.41,-0.3,1.41,0,0,0,0.2,0.2,0.2,0.006059732
1.41,-0.3,1.41,0,0,0,0.2,0.2,0.2,0.006060575
1.41,-0.3,1.41,0,0,0,0.2,0.2,0.2,0.006061709
1.41,-0.3,1.41,0,0,0,0.2,0.2,0.2,0.006059783
1.41,-0.3,1.41,0,0,0,0.2,0.2,0.2,0.006061467
1.41,-0.3,1.41,0,0,0,0.2,0.2,0.2,0.006060013
1.41,-0.3,1.41,0,0,0,0.2,0.2,0.2,0.006060331
1.41,-0.3,1.41,0,0,0,0.2,0.2,0.2,0.006061955
1.41,-0.3,1.41,0,0,0,0.2,0.2,0.2,0.00605952
1.41,-0.3,1.41,0,0,0,0.2,0.2,0.2,0.006061193
1.41,-0.3,1.41,0,0,0,0.2,0.2,0.2,0.006061219
1.41,-0.3,1.41,0,0,0,0.2,0.2,0.2,0.006060315
1.41,-0.3,1.41,0,0,0,0.2,0.2,0.2,0.006061508
1.41,-0.3,1.41,0,0,0,0.2,0.2,0.2,0.006060275
1.41,-0.3,1.41,0,0,0,0.2,0.2,0.2,0.006060619
1.41,-0.3,1.41,0,0,0,0.2,0.2,0.2,0.006061027
1.41,-0.3,1.41,0,0,0,0.2,0.2,0.2,0.006060493
1.41,-0.3,1.41,0,0,0,0.2,0.2,0.2,0.0060611
1.41,-0.3,1.41,0,0,0,0.2,0.2,0.2,0.006060308
1.41,-0.3,1.41,0,0,0,0.2,0.2,0.2,0.006060816
1.41,-0.3,1.41,0,0,0,0.2,0.2,0.2,0.00606116
1.41,-0.3,1.41,0,0,0,0.2,0.2,0.2,0.006060264
1.41,-0.3,1.41,0,0,0,0.2,0.2,0.2,0.006060429
1.41,-0.3,1.41,0,0,0,0.2,0.2,0.2,0.006060871
1.41,-0.3,1.41,0,0,0,0.2,0.2,0.2,0.006060762
1.41,-0.3,1.41,0,0,0,0.2,0.2,0.2,0.006061987
1.41,-0.3,1.41,0,0,0,0.2,0.2,0.2,0.006059728
1.41,-0.3,1.41,0,0,0,0.2,0.2,0.2,0.006060343
1.41,-0.3,1.41,0,0,0,0.2,0.2,0.2,0.006061148
1.41,-0.3,1.41,0,0,0,0.2,0.2,0.2,0.006060816
1.41,-0.3,1.41,0,0,0,0.2,0.2,0.2,0.006061041
1.41,-0.3,1.41,0,0,0,0.2,0.2,0.2,0.006060105
1.41,-0.3,1.41,0,0,0,0.2,0.2,0.2,0.006060913
1.41,-0.3,1.41,0,0,0,0.2,0.2,0.2,0.006061021
1.41,-0.3,1.41,0,0,0,0.2,0.2,0.2,0.006059836
1.41,-0.3,1.41,0,0,0,0.2,0.2,0.2,0.006061576
1.41,-0.3,1.41,0,0,0,0.2,0.2,0.2,0.006060303
1.41,-0.3,1.41,0,0,0,0.2,0.2,0.2,0.006060844
1.41,-0.3,1.41,0,0,0,0.2,0.2,0.2,0.00606023
1.41,-0.3,1.41,0,0,0,0.2,0.2,0.2,0.006061244
1.41,-0.3,1.41,0,0,0,0.2,0.2,0.2,0.006060842
1.41,-0.3,1.41,0,0,0,0.2,0.2,0.2,0.006060711
1.41,-0.3,1.41,0,0,0,0.2,0.2,0.2,0.006060667
1.41,-0.3,1.41,0,0,0,0.2,0.2,0.2,0.006061531
1.41,-0.3,1.41,0,0,0,0.2,0.2,0.2,0.006059745
1.41,-0.3,1.41,0,0,0,0.2,0.2,0.2,0.006060702
1.41,-0.3,1.41,0,0,0,0.2,0.2,0.2,0.00606149
1.41,-0.3,1.41,0,0,0,0.2,0.2,0.2,0.006060198
1.41,-0.3,1.41,0,0,0,0.2,0.2,0.2,0.006060716
1.41,-0.3,1.41,0,0,0,0.2,0.2,0.2,0.00606037
1.41,-0.3,1.41,0,0,0,0.2,0.2,0.2,0.006060729
1.41,-0.3,1.41,0,0,0,0.2,0.2,0.2,0.006061507
1.41,-0.3,1.41,0,0,0,0.2,0.2,0.2,0.006060333
1.41,-0.3,1.41,0,0,0,0.2,0.2,0.2,0.006060716
1.41,-0.3,1.41,0,0,0,0.2,0.2,0.2,0.006061053
1.41,-0.3,1.41,0,0,0,0.2,0.2,0.2,0.006060239
1.41,-0.3,1.41,0,0,0,0.2,0.2,0.2,0.006061424
1.41,-0.3,1.41,0,0,0,0.2,0.2,0.2,0.006060537
1.41,-0.3,1.41,0,0,0,0.2,0.2,0.2,0.006060718
1.41,-0.3,1.41,0,0,0,0.2,0.2,0.2,0.006060926
1.41,-0.3,1.41,0,0,0,0.2,0.2,0.2,0.006060542
1.41,-0.3,1.41,0,0,0,0.2,0.2,0.2,0.006060646
1.41,-0.3,1.41,0,0,0,0.2,0.2,0.2,0.006061098
1.41,-0.3,1.41,0,0,0,0.2,0.2,0.2,0.006060163
1.41,-0.3,1.41,0,0,0,0.2,0.2,0.2,0.006061307
1.41,-0.3,1.41,0,0,0,0.2,0.2,0.2,0.006060624
1.41,-0.3,1.41,0,0,0,0.2,0.2,0.2,0.006060657
1.41,-0.3,1.41,0,0,0,0.2,0.2,0.2,0.00606102
1.41,-0.3,1.41,0,0,0,0.2,0.2,0.2,0.006060617
1.41,-0.3,1.41,0,0,0,0.2,0.2,0.2,0.006061323
1.41,-0.3,1.41,0,0,0,0.2,0.2,0.2,0.006059753
1.41,-0.3,1.41,0,0,0,0.2,0.2,0.2,0.006060822
1.41,-0.3,1.41,0,0,0,0.2,0.2,0.2,0.006061183
1.41,-0.3,1.41,0,0,0,0.2,0.2,0.2,0.006060171
1.41,-0.3,1.41,0,0,0,0.2,0.2,0.2,0.006060958
1.41,-0.3,1.41,0,0,0,0.2,0.2,0.2,0.006060894
1.41,-0.3,1.41,0,0,0,0.2,0.2,0.2,0.006060473
1.41,-0.3,1.41,0,0,0,0.2,0.2,0.2,0.006060993
1.41,-0.3,1.41,0,0,0,0.2,0.2,0.2,0.006060337
1.41,-0.3,1.41,0,0,0,0.2,0.2,0.2,0.006060853
1.41,-0.3,1.41,0,0,0,0.2,0.2,0.2,0.00606125
1.41,-0.3,1.41,0,0,0,0.2,0.2,0.2,0.00606013
1.41,-0.3,1.41,0,0,0,0.2,0.2,0.2,0.006060139
1.41,-0.3,1.41,0,0,0,0.2,0.2,0.2,0.006066908
1.41,-0.3,1.41,0,0,0,0.2,0.2,0.2,0.006059823
1.41,-0.3,1.41,0,0,0,0.2,0.2,0.2,0.00606138
1.41,-0.3,1.41,0,0,0,0.2,0.2,0.2,0.006059534
1.41,-0.3,1.41,0,0,0,0.2,0.2,0.2,0.006061543
1.41,-0.3,1.41,0,0,0,0.2,0.2,0.2,0.006060781
1.41,-0.3,1.41,0,0,0,0.2,0.2,0.2,0.00606031
1.41,-0.3,1.41,0,0,0,0.2,0.2,0.2,0.006061392
1.41,-0.3,1.41,0,0,0,0.2,0.2,0.2,0.006060376
1.41,-0.3,1.41,0,0,0,0.2,0.2,0.2,0.006060434
1.41,-0.3,1.41,0,0,0,0.2,0.2,0.2,0.006061489
1.41,-0.3,1.41,0,0,0,0.2,0.2,0.2,0.006060066
1.41,-0.3,1.41,0,0,0,0.2,0.2,0.2,0.006061142
1.41,-0.3,1.41,0,0,0,0.2,0.2,0.2,0.006060257
1.41,-0.3,1.41,0,0,0,0.2,0.2,0.2,0.006060601
1.41,-0.3,1.41,0,0,0,0.2,0.2,0.2,0.006061025
1.41,-0.3,1.41,0,0,0,0.2,0.2,0.2,0.006060496
1.41,-0.3,1.41,0,0,0,0.2,0.2,0.2,0.006061318
1.41,-0.3,1.41,0,0,0,0.2,0.2,0.2,0.006060265
1.41,-0.3,1.41,0,0,0,0.2,0.2,0.2,0.00606038
1.41,-0.3,1.41,0,0,0,0.2,0.2,0.2,0.006061245
1.41,-0.3,1.41,0,0,0,0.2,0.2,0.2,0.006060428
1.41,-0.3,1.41,0,0,0,0.2,0.2,0.2,0.006060922
1.41,-0.3,1.41,0,0,0,0.2,0.2,0.2,0.006060966
1.41,-0.3,1.41,0,0,0,0.2,0.2,0.2,0.006060201
1.41,-0.3,1.41,0,0,0,0.2,0.2,0.2,0.006061153
1.41,-0.3,1.41,0,0,0,0.2,0.2,0.2,0.0060606
1.41,-0.3,1.41,0,0,0,0.2,0.2,0.2,0.006060711
1.41,-0.3,1.41,0,0,0,0.2,0.2,0.2,0.006061168
1.41,-0.3,1.41,0,0,0,0.2,0.2,0.2,0.006060138
1.41,-0.3,1.41,0,0,0,0.2,0.2,0.2,0.006060824
1.41,-0.3,1.41,0,0,0,0.2,0.2,0.2,0.00606114
1.41,-0.3,1.41,0,0,0,0.2,0.2,0.2,0.006060038
1.41,-0.3,1.41,0,0,0,0.2,0.2,0.2,0.00606104
1.41,-0.3,1.41,0,0,0,0.2,0.2,0.2,0.006060758
1.41,-0.3,1.41,0,0,0,0.2,0.2,0.2,0.006060834
1.41,-0.3,1.41,0,0,0,0.2,0.2,0.2,0.006060848
1.41,-0.3,1.41,0,0,0,0.2,0.2,0.2,0.006060633
1.41,-0.3,1.41,0,0,0,0.2,0.2,0.2,0.006061094
1.41,-0.3,1.41,0,0,0,0.2,0.2,0.2,0.006060367
1.41,-0.3,1.41,0,0,0,0.2,0.2,0.2,0.006060635
1.41,-0.3,1.41,0,0,0,0.2,0.2,0.2,0.006061319
1.41,-0.3,1.41,0,0,0,0.2,0.2,0.2,0.006060002
1.41,-0.3,1.41,0,0,0,0.2,0.2,0.2,0.006060723
1.41,-0.3,1.41,0,0,0,0.2,0.2,0.2,0.006061099
1.41,-0.3,1.41,0,0,0,0.2,0.2,0.2,0.006060359
1.41,-0.3,1.41,0,0,0,0.2,0.2,0.2,0.006061372
1.41,-0.3,1.41,0,0,0,0.2,0.2,0.2,0.006059914
1.41,-0.3,1.41,0,0,0,0.2,0.2,0.2,0.006060847
1.41,-0.3,1.41,0,0,0,0.2,0.2,0.2,0.006061544
1.41,-0.3,1.41,0,0,0,0.2,0.2,0.2,0.006059899
1.41,-0.3,1.41,0,0,0,0.2,0.2,0.2,0.006061644
1.41,-0.3,1.41,0,0,0,0.2,0.2,0.2,0.006060084
1.41,-0.3,1.41,0,0,0,0.2,0.2,0.2,0.00606047
1.41,-0.3,1.41,0,0,0,0.2,0.2,0.2,0.006061729
1.41,-0.3,1.41,0,0,0,0.2,0.2,0.2,0.006059711
1.41,-0.3,1.41,0,0,0,0.2,0.2,0.2,0.006060882
1.41,-0.3,1.41,0,0,0,0.2,0.2,0.2,0.006061271
1.41,-0.3,1.41,0,0,0,0.2,0.2,0.2,0.006060212
1.41,-0.3,1.41,0,0,0,0.2,0.2,0.2,0.006061502
1.41,-0.3,1.41,0,0,0,0.2,0.2,0.2,0.006059914
1.41,-0.3,1.41,0,0,0,0.2,0.2,0.2,0.006060844
1.41,-0.3,1.41,0,0,0,0.2,0.2,0.2,0.006061467
1.41,-0.3,1.41,0,0,0,0.2,0.2,0.2,0.006060237
1.41,-0.3,1.41,0,0,0,0.2,0.2,0.2,0.006060914
1.41,-0.3,1.41,0,0,0,0.2,0.2,0.2,0.006060413
1.41,-0.3,1.41,0,0,0,0.2,0.2,0.2,0.006060614
1.41,-0.3,1.41,0,0,0,0.2,0.2,0.2,0.006061019
1.41,-0.3,1.41,0,0,0,0.2,0.2,0.2,0.006060387
1.41,-0.3,1.41,0,0,0,0.2,0.2,0.2,0.006060963
1.41,-0.3,1.41,0,0,0,0.2,0.2,0.2,0.006060526
1.41,-0.3,1.41,0,0,0,0.2,0.2,0.2,0.006060411
1.41,-0.3,1.41,0,0,0,0.2,0.2,0.2,0.006060804
1.41,-0.3,1.41,0,0,0,0.2,0.2,0.2,0.006060774
1.41,-0.3,1.41,0,0,0,0.2,0.2,0.2,0.006060886
1.41,-0.3,1.41,0,0,0,0.2,0.2,0.2,0.00606088
1.41,-0.3,1.41,0,0,0,0.2,0.2,0.2,0.006060369
1.41,-0.3,1.41,0,0,0,0.2,0.2,0.2,0.006060697
1.41,-0.3,1.41,0,0,0,0.2,0.2,0.2,0.006061256
1.41,-0.3,1.41,0,0,0,0.2,0.2,0.2,0.006060241
1.41,-0.3,1.41,0,0,0,0.2,0.2,0.2,0.006061286
1.41,-0.3,1.41,0,0,0,0.2,0.2,0.2,0.006060161
1.41,-0.3,1.41,0,0,0,0.2,0.2,0.2,0.00606066
1.41,-0.3,1.41,0,0,0,0.2,0.2,0.2,0.006061314
1.41,-0.3,1.41,0,0,0,0.2,0.2,0.2,0.006059956
1.41,-0.3,1.41,0,0,0,0.2,0.2,0.2,0.006060774
1.41,-0.3,1.41,0,0,0,0.2,0.2,0.2,0.00606127
1.41,-0.3,1.41,0,0,0,0.2,0.2,0.2,0.006060001
1.41,-0.3,1.41,0,0,0,0.2,0.2,0.2,0.006061303
1.41,-0.3,1.41,0,0,0,0.2,0.2,0.2,0.00606068
1.41,-0.3,1.41,0,0,0,0.2,0.2,0.2,0.006060519
1.41,-0.3,1.41,0,0,0,0.2,0.2,0.2,0.006061362
1.41,-0.3,1.41,0,0,0,0.2,0.2,0.2,0.006060044
1.41,-0.3,1.41,0,0,0,0.2,0.2,0.2,0.006061409
1.41,-0.3,1.41,0,0,0,0.2,0.2,0.2,0.006060312
1.41,-0.3,1.41,0,0,0,0.2,0.2,0.2,0.006060723
1.41,-0.3,1.41,0,0,0,0.2,0.2,0.2,0.006061133
1.41,-0.3,1.41,0,0,0,0.2,0.2,0.2,0.006060534
1.41,-0.3,1.41,0,0,0,0.2,0.2,0.2,0.00606051
1.41,-0.3,1.41,0,0,0,0.2,0.2,0.2,0.006061048
1.41,-0.3,1.41,0,0,0,0.2,0.2,0.2,0.006061285
1.41,-0.3,1.41,0,0,0,0.2,0.2,0.2,0.006060623
1.41,-0.3,1.41,0,0,0,0.2,0.2,0.2,0.00606034
1.41,-0.3,1.41,0,0,0,0.2,0.2,0.2,0.006060978
1.41,-0.3,1.41,0,0,0,0.2,0.2,0.2,0.006060739
1.41,-0.3,1.41,0,0,0,0.2,0.2,0.2,0.006060925
1.41,-0.3,1.41,0,0,0,0.2,0.2,0.2,0.006060562
1.41,-0.3,1.41,0,0,0,0.2,0.2,0.2,0.006060331
1.41,-0.3,1.41,0,0,0,0.2,0.2,0.2,0.006060557
1.41,-0.3,1.41,0,0,0,0.2,0.2,0.2,0.006061567
1.41,-0.3,1.41,0,0,0,0.2,0.2,0.2,0.006060052
1.41,-0.3,1.41,0,0,0,0.2,0.2,0.2,0.006061456
1.41,-0.3,1.41,0,0,0,0.2,0.2,0.2,0.006060546
1.41,-0.3,1.41,0,0,0,0.2,0.2,0.2,0.006060611
1.41,-0.3,1.41,0,0,0,0.2,0.2,0.2,0.006061092
1.41,-0.3,1.41,0,0,0,0.2,0.2,0.2,0.006060027
1.41,-0.3,1.41,0,0,0,0.2,0.2,0.2,0.006060976
1.41,-0.3,1.41,0,0,0,0.2,0.2,0.2,0.006061182
1.41,-0.3,1.41,0,0,0,0.2,0.2,0.2,0.006059933
1.41,-0.3,1.41,0,0,0,0.2,0.2,0.2,0.006061846
1.41,-0.3,1.41,0,0,0,0.2,0.2,0.2,0.006060126
1.41,-0.3,1.41,0,0,0,0.2,0.2,0.2,0.006060665
1.41,-0.3,1.41,0,0,0,0.2,0.2,0.2,0.006061353
1.41,-0.3,1.41,0,0,0,0.2,0.2,0.2,0.006060151
1.41,-0.3,1.41,0,0,0,0.2,0.2,0.2,0.006061411
1.41,-0.3,1.41,0,0,0,0.2,0.2,0.2,0.006060278
1.41,-0.3,1.41,0,0,0,0.2,0.2,0.2,0.006060705
1.41,-0.3,1.41,0,0,0,0.2,0.2,0.2,0.006060921
1.41,-0.3,1.41,0,0,0,0.2,0.2,0.2,0.006060154
1.41,-0.3,1.41,0,0,0,0.2,0.2,0.2,0.006060833
1.41,-0.3,1.41,0,0,0,0.2,0.2,0.2,0.006061212
1.41,-0.3,1.41,0,0,0,0.2,0.2,0.2,0.006060272
1.41,-0.3,1.41,0,0,0,0.2,0.2,0.2,0.006061121
1.41,-0.3,1.41,0,0,0,0.2,0.2,0.2,0.006060295
1.41,-0.3,1.41,0,0,0,0.2,0.2,0.2,0.006060674
1.41,-0.3,1.41,0,0,0,0.2,0.2,0.2,0.006061686
1.41,-0.3,1.41,0,0,0,0.2,0.2,0.2,0.006059901
1.41,-0.3,1.41,0,0,0,0.2,0.2,0.2,0.00606018
1.41,-0.3,1.41,0,0,0,0.2,0.2,0.2,0.006061599
1.41,-0.3,1.41,0,0,0,0.2,0.2,0.2,0.006060388
1.41,-0.3,1.41,0,0,0,0.2,0.2,0.2,0.006061355
1.41,-0.3,1.41,0,0,0,0.2,0.2,0.2,0.006060074
1.41,-0.3,1.41,0,0,0,0.2,0.2,0.2,0.006060608
1.41,-0.3,1.41,0,0,0,0.2,0.2,0.2,0.006061385
1.41,-0.3,1.41,0,0,0,0.2,0.2,0.2,0.006060125
1.41,-0.3,1.41,0,0,0,0.2,0.2,0.2,0.006061558
1.41,-0.3,1.41,0,0,0,0.2,0.2,0.2,0.006060335
1.41,-0.3,1.41,0,0,0,0.2,0.2,0.2,0.006060412
1.41,-0.3,1.41,0,0,0,0.2,0.2,0.2,0.006061319
1.41,-0.3,1.41,0,0,0,0.2,0.2,0.2,0.006060201
1.41,-0.3,1.41,0,0,0,0.2,0.2,0.2,0.006060643
1.41,-0.3,1.41,0,0,0,0.2,0.2,0.2,0.00606095
1.41,-0.3,1.41,0,0,0,0.2,0.2,0.2,0.006060856
1.41,-0.3,1.41,0,0,0,0.2,0.2,0.2,0.006060583
1.41,-0.3,1.41,0,0,0,0.2,0.2,0.2,0.006060706
1.41,-0.3,1.41,0,0,0,0.2,0.2,0.2,0.006060658
1.41,-0.3,1.41,0,0,0,0.2,0.2,0.2,0.006061174
1.41,-0.3,1.41,0,0,0,0.2,0.2,0.2,0.006060651
1.41,-0.3,1.41,0,0,0,0.2,0.2,0.2,0.006060694
1.41,-0.3,1.41,0,0,0,0.2,0.2,0.2,0.006060629
1.41,-0.3,1.41,0,0,0,0.2,0.2,0.2,0.006060417
1.41,-0.3,1.41,0,0,0,0.2,0.2,0.2,0.006061036
1.41,-0.3,1.41,0,0,0,0.2,0.2,0.2,0.006060301
1.41,-0.3,1.41,0,0,0,0.2,0.2,0.2,0.00606074
1.41,-0.3,1.41,0,0,0,0.2,0.2,0.2,0.006061033
1.41,-0.3,1.41,0,0,0,0.2,0.2,0.2,0.006060254
1.41,-0.3,1.41,0,0,0,0.2,0.2,0.2,0.006060912
1.41,-0.3,1.41,0,0,0,0.2,0.2,0.2,0.006060655
1.41,-0.3,1.41,0,0,0,0.2,0.2,0.2,0.006060959
1.41,-0.3,1.41,0,0,0,0.2,0.2,0.2,0.006061211
1.41,-0.3,1.41,0,0,0,0.2,0.2,0.2,0.006060141
1.41,-0.3,1.41,0,0,0,0.2,0.2,0.2,0.006060617
1.41,-0.3,1.41,0,0,0,0.2,0.2,0.2,0.006061221
1.41,-0.3,1.41,0,0,0,0.2,0.2,0.2,0.006060971
1.41,-0.3,1.41,0,0,0,0.2,0.2,0.2,0.006060717
1.41,-0.3,1.41,0,0,0,0.2,0.2,0.2,0.006061085
1.41,-0.3,1.41,0,0,0,0.2,0.2,0.2,0.006061036
1.41,-0.3,1.41,0,0,0,0.2,0.2,0.2,0.006060014
1.41,-0.3,1.41,0,0,0,0.2,0.2,0.2,0.00606081
1.41,-0.3,1.41,0,0,0,0.2,0.2,0.2,0.006061355
1.41,-0.3,1.41,0,0,0,0.2,0.2,0.2,0.00606019
1.41,-0.3,1.41,0,0,0,0.2,0.2,0.2,0.006060214
1.41,-0.3,1.41,0,0,0,0.2,0.2,0.2,0.006061525
1.41,-0.3,1.41,0,0,0,0.2,0.2,0.2,0.006060616
1.41,-0.3,1.41,0,0,0,0.2,0.2,0.2,0.006060917
1.41,-0.3,1.41,0,0,0,0.2,0.2,0.2,0.006060466
1.41,-0.3,1.41,0,0,0,0.2,0.2,0.2,0.006060522
1.41,-0.3,1.41,0,0,0,0.2,0.2,0.2,0.006061154
1.41,-0.3,1.41,0,0,0,0.2,0.2,0.2,0.006060194
1.41,-0.3,1.41,0,0,0,0.2,0.2,0.2,0.00606128
1.41,-0.3,1.41,0,0,0,0.2,0.2,0.2,0.006060862
1.41,-0.3,1.41,0,0,0,0.2,0.2,0.2,0.006060312
1.41,-0.3,1.41,0,0,0,0.2,0.2,0.2,0.006061081
1.41,-0.3,1.41,0,0,0,0.2,0.2,0.2,0.006060024
1.41,-0.3,1.41,0,0,0,0.2,0.2,0.2,0.00606085
1.41,-0.3,1.41,0,0,0,0.2,0.2,0.2,0.006060981
1.41,-0.3,1.41,0,0,0,0.2,0.2,0.2,0.006060384
1.41,-0.3,1.41,0,0,0,0.2,0.2,0.2,0.006060728
1.41,-0.3,1.41,0,0,0,0.2,0.2,0.2,0.00606087
1.41,-0.3,1.41,0,0,0,0.2,0.2,0.2,0.006060677
1.41,-0.3,1.41,0,0,0,0.2,0.2,0.2,0.006061147
1.41,-0.3,1.41,0,0,0,0.2,0.2,0.2,0.006060687
1.41,-0.3,1.41,0,0,0,0.2,0.2,0.2,0.006060397
1.41,-0.3,1.41,0,0,0,0.2,0.2,0.2,0.00606085
1.41,-0.3,1.41,0,0,0,0.2,0.2,0.2,0.006060736
1.41,-0.3,1.41,0,0,0,0.2,0.2,0.2,0.00606122
1.41,-0.3,1.41,0,0,0,0.2,0.2,0.2,0.006060373
1.41,-0.3,1.41,0,0,0,0.2,0.2,0.2,0.006060494
1.41,-0.3,1.41,0,0,0,0.2,0.2,0.2,0.006061214
1.41,-0.3,1.41,0,0,0,0.2,0.2,0.2,0.006060164
1.41,-0.3,1.41,0,0,0,0.2,0.2,0.2,0.006061365
1.41,-0.3,1.41,0,0,0,0.2,0.2,0.2,0.006060648
1.41,-0.3,1.41,0,0,0,0.2,0.2,0.2,0.006060432
1.41,-0.3,1.41,0,0,0,0.2,0.2,0.2,0.00606122
1.41,-0.3,1.41,0,0,0,0.2,0.2,0.2,0.006060033
1.41,-0.3,1.41,0,0,0,0.2,0.2,0.2,0.006060826
1.41,-0.3,1.41,0,0,0,0.2,0.2,0.2,0.00606144
1.41,-0.3,1.41,0,0,0,0.2,0.2,0.2,0.006059944
1.41,-0.3,1.41,0,0,0,0.2,0.2,0.2,0.006061331
1.41,-0.3,1.41,0,0,0,0.2,0.2,0.2,0.006060333
1.41,-0.3,1.41,0,0,0,0.2,0.2,0.2,0.006060677
1.41,-0.3,1.41,0,0,0,0.2,0.2,0.2,0.006061017
1.41,-0.3,1.41,0,0,0,0.2,0.2,0.2,0.006060506
1.41,-0.3,1.41,0,0,0,0.2,0.2,0.2,0.00606058
1.41,-0.3,1.41,0,0,0,0.2,0.2,0.2,0.006060984
1.41,-0.3,1.41,0,0,0,0.2,0.2,0.2,0.006060722
1.41,-0.3,1.41,0,0,0,0.2,0.2,0.2,0.006060817
1.41,-0.3,1.41,0,0,0,0.2,0.2,0.2,0.006060324
1.41,-0.3,1.41,0,0,0,0.2,0.2,0.2,0.006060858
1.41,-0.3,1.41,0,0,0,0.2,0.2,0.2,0.006060946
1.41,-0.3,1.41,0,0,0,0.2,0.2,0.2,0.00606019
1.41,-0.3,1.41,0,0,0,0.2,0.2,0.2,0.006061506
1.41,-0.3,1.41,0,0,0,0.2,0.2,0.2,0.0060605
1.41,-0.3,1.41,0,0,0,0.2,0.2,0.2,0.006060349
1.41,-0.3,1.41,0,0,0,0.2,0.2,0.2,0.00606137
1.41,-0.3,1.41,0,0,0,0.2,0.2,0.2,0.006059978
1.41,-0.3,1.41,0,0,0,0.2,0.2,0.2,0.006060917
1.41,-0.3,1.41,0,0,0,0.2,0.2,0.2,0.006061128
1.41,-0.3,1.41,0,0,0,0.2,0.2,0.2,0.006060433
1.41,-0.3,1.41,0,0,0,0.2,0.2,0.2,0.00606117
1.41,-0.3,1.41,0,0,0,0.2,0.2,0.2,0.006059938
1.41,-0.3,1.41,0,0,0,0.2,0.2,0.2,0.006060665
1.41,-0.3,1.41,0,0,0,0.2,0.2,0.2,0.006062112
1.41,-0.3,1.41,0,0,0,0.2,0.2,0.2,0.006059714
1.41,-0.3,1.41,0,0,0,0.2,0.2,0.2,0.006061296
1.41,-0.3,1.41,0,0,0,0.2,0.2,0.2,0.006060252
1.41,-0.3,1.41,0,0,0,0.2,0.2,0.2,0.006060629
1.41,-0.3,1.41,0,0,0,0.2,0.2,0.2,0.006061067
1.41,-0.3,1.41,0,0,0,0.2,0.2,0.2,0.006060233
1.41,-0.3,1.41,0,0,0,0.2,0.2,0.2,0.006060931
1.41,-0.3,1.41,0,0,0,0.2,0.2,0.2,0.006061653
1.41,-0.3,1.41,0,0,0,0.2,0.2,0.2,0.006059641
1.41,-0.3,1.41,0,0,0,0.2,0.2,0.2,0.006060671
1.41,-0.3,1.41,0,0,0,0.2,0.2,0.2,0.006060874
1.41,-0.3,1.41,0,0,0,0.2,0.2,0.2,0.006060557
1.41,-0.3,1.41,0,0,0,0.2,0.2,0.2,0.006061371
1.41,-0.3,1.41,0,0,0,0.2,0.2,0.2,0.006060171
1.41,-0.3,1.41,0,0,0,0.2,0.2,0.2,0.006061925
1.41,-0.3,1.41,0,0,0,0.2,0.2,0.2,0.006060173
1.41,-0.3,1.41,0,0,0,0.2,0.2,0.2,0.006060316
1.41,-0.3,1.41,0,0,0,0.2,0.2,0.2,0.00606087
1.41,-0.3,1.41,0,0,0,0.2,0.2,0.2,0.006060071
1.41,-0.3,1.41,0,0,0,0.2,0.2,0.2,0.006060768
1.41,-0.3,1.41,0,0,0,0.2,0.2,0.2,0.006061605
1.41,-0.3,1.41,0,0,0,0.2,0.2,0.2,0.006059896
1.41,-0.3,1.41,0,0,0,0.2,0.2,0.2,0.006061776
1.41,-0.3,1.41,0,0,0,0.2,0.2,0.2,0.006060039
1.41,-0.3,1.41,0,0,0,0.2,0.2,0.2,0.006060485
1.41,-0.3,1.41,0,0,0,0.2,0.2,0.2,0.0060611
1.41,-0.3,1.41,0,0,0,0.2,0.2,0.2,0.00606053
1.41,-0.3,1.41,0,0,0,0.2,0.2,0.2,0.006060919
1.41,-0.3,1.41,0,0,0,0.2,0.2,0.2,0.006061116
1.41,-0.3,1.41,0,0,0,0.2,0.2,0.2,0.006060068
1.41,-0.3,1.41,0,0,0,0.2,0.2,0.2,0.006061394
1.41,-0.3,1.41,0,0,0,0.2,0.2,0.2,0.00606029
1.41,-0.3,1.41,0,0,0,0.2,0.2,0.2,0.006060526
1.41,-0.3,1.41,0,0,0,0.2,0.2,0.2,0.00606123
1.41,-0.3,1.41,0,0,0,0.2,0.2,0.2,0.006060219
1.41,-0.3,1.41,0,0,0,0.2,0.2,0.2,0.006060797
1.41,-0.3,1.41,0,0,0,0.2,0.2,0.2,0.00606113
1.41,-0.3,1.41,0,0,0,0.2,0.2,0.2,0.006060228
1.41,-0.3,1.41,0,0,0,0.2,0.2,0.2,0.006061238
1.41,-0.3,1.41,0,0,0,0.2,0.2,0.2,0.006060373
1.41,-0.3,1.41,0,0,0,0.2,0.2,0.2,0.0060605
1.41,-0.3,1.41,0,0,0,0.2,0.2,0.2,0.006061434
1.41,-0.3,1.41,0,0,0,0.2,0.2,0.2,0.006060177
1.41,-0.3,1.41,0,0,0,0.2,0.2,0.2,0.00606063
1.41,-0.3,1.41,0,0,0,0.2,0.2,0.2,0.006060599
1.41,-0.3,1.41,0,0,0,0.2,0.2,0.2,0.006060623
1.41,-0.3,1.41,0,0,0,0.2,0.2,0.2,0.006061083
1.41,-0.3,1.41,0,0,0,0.2,0.2,0.2,0.00606079
1.41,-0.3,1.41,0,0,0,0.2,0.2,0.2,0.006060813
1.41,-0.3,1.41,0,0,0,0.2,0.2,0.2,0.00606084
1.41,-0.3,1.41,0,0,0,0.2,0.2,0.2,0.006060371
1.41,-0.3,1.41,0,0,0,0.2,0.2,0.2,0.006061242
1.41,-0.3,1.41,0,0,0,0.2,0.2,0.2,0.0060604
1.41,-0.3,1.41,0,0,0,0.2,0.2,0.2,0.006061048
1.41,-0.3,1.41,0,0,0,0.2,0.2,0.2,0.006061262
1.41,-0.3,1.41,0,0,0,0.2,0.2,0.2,0.006060005
1.41,-0.3,1.41,0,0,0,0.2,0.2,0.2,0.00606149
1.41,-0.3,1.41,0,0,0,0.2,0.2,0.2,0.006060265
1.41,-0.3,1.41,0,0,0,0.2,0.2,0.2,0.006060855
1.41,-0.3,1.41,0,0,0,0.2,0.2,0.2,0.006060932
1.41,-0.3,1.41,0,0,0,0.2,0.2,0.2,0.006060655
1.41,-0.3,1.41,0,0,0,0.2,0.2,0.2,0.006060384
1.41,-0.3,1.41,0,0,0,0.2,0.2,0.2,0.006061386
1.41,-0.3,1.41,0,0,0,0.2,0.2,0.2,0.006060617
1.41,-0.3,1.41,0,0,0,0.2,0.2,0.2,0.006061471
1.41,-0.3,1.41,0,0,0,0.2,0.2,0.2,0.006060016
1.41,-0.3,1.41,0,0,0,0.2,0.2,0.2,0.00606148
1.41,-0.3,1.41,0,0,0,0.2,0.2,0.2,0.006059963
1.41,-0.3,1.41,0,0,0,0.2,0.2,0.2,0.006061102
1.41,-0.3,1.41,0,0,0,0.2,0.2,0.2,0.00606127
1.41,-0.3,1.41,0,0,0,0.2,0.2,0.2,0.006059989
1.41,-0.3,1.41,0,0,0,0.2,0.2,0.2,0.006061249
1.41,-0.3,1.41,0,0,0,0.2,0.2,0.2,0.00606075
1.41,-0.3,1.41,0,0,0,0.2,0.2,0.2,0.006060464
1.41,-0.3,1.41,0,0,0,0.2,0.2,0.2,0.006061357
1.41,-0.3,1.41,0,0,0,0.2,0.2,0.2,0.00606035
1.41,-0.3,1.41,0,0,0,0.2,0.2,0.2,0.006061224
1.41,-0.3,1.41,0,0,0,0.2,0.2,0.2,0.006060569
1.41,-0.3,1.41,0,0,0,0.2,0.2,0.2,0.006060708
1.41,-0.3,1.41,0,0,0,0.2,0.2,0.2,0.006061207
1.41,-0.3,1.41,0,0,0,0.2,0.2,0.2,0.006060305
1.41,-0.3,1.41,0,0,0,0.2,0.2,0.2,0.006061513
1.41,-0.3,1.41,0,0,0,0.2,0.2,0.2,0.006060194
1.41,-0.3,1.41,0,0,0,0.2,0.2,0.2,0.006060348
1.41,-0.3,1.41,0,0,0,0.2,0.2,0.2,0.00606166
1.41,-0.3,1.41,0,0,0,0.2,0.2,0.2,0.006059876
1.41,-0.3,1.41,0,0,0,0.2,0.2,0.2,0.006060562
1.41,-0.3,1.41,0,0,0,0.2,0.2,0.2,0.006061435
1.41,-0.3,1.41,0,0,0,0.2,0.2,0.2,0.00606004
1.41,-0.3,1.41,0,0,0,0.2,0.2,0.2,0.006061424
1.41,-0.3,1.41,0,0,0,0.2,0.2,0.2,0.006060171
1.41,-0.3,1.41,0,0,0,0.2,0.2,0.2,0.006060613
1.41,-0.3,1.41,0,0,0,0.2,0.2,0.2,0.006061522
1.41,-0.3,1.41,0,0,0,0.2,0.2,0.2,0.006060287
1.41,-0.3,1.41,0,0,0,0.2,0.2,0.2,0.006061519
1.41,-0.3,1.41,0,0,0,0.2,0.2,0.2,0.006060553
1.41,-0.3,1.41,0,0,0,0.2,0.2,0.2,0.006060705
1.41,-0.3,1.41,0,0,0,0.2,0.2,0.2,0.006060722
1.41,-0.3,1.41,0,0,0,0.2,0.2,0.2,0.0060606
1.41,-0.3,1.41,0,0,0,0.2,0.2,0.2,0.006061259
1.41,-0.3,1.41,0,0,0,0.2,0.2,0.2,0.006060118
1.41,-0.3,1.41,0,0,0,0.2,0.2,0.2,0.006060917
1.41,-0.3,1.41,0,0,0,0.2,0.2,0.2,0.006060984
1.41,-0.3,1.41,0,0,0,0.2,0.2,0.2,0.006060303
1.41,-0.3,1.41,0,0,0,0.2,0.2,0.2,0.006060805
1.41,-0.3,1.41,0,0,0,0.2,0.2,0.2,0.006061209
1.41,-0.3,1.41,0,0,0,0.2,0.2,0.2,0.00606046
1.41,-0.3,1.41,0,0,0,0.2,0.2,0.2,0.006061059
1.41,-0.3,1.41,0,0,0,0.2,0.2,0.2,0.006060133
1.41,-0.3,1.41,0,0,0,0.2,0.2,0.2,0.00606072
1.41,-0.3,1.41,0,0,0,0.2,0.2,0.2,0.006061504
1.41,-0.3,1.41,0,0,0,0.2,0.2,0.2,0.006060146
1.41,-0.3,1.41,0,0,0,0.2,0.2,0.2,0.006060536
1.41,-0.3,1.41,0,0,0,0.2,0.2,0.2,0.006061087
1.41,-0.3,1.41,0,0,0,0.2,0.2,0.2,0.006060508
1.41,-0.3,1.41,0,0,0,0.2,0.2,0.2,0.006060949
1.41,-0.3,1.41,0,0,0,0.2,0.2,0.2,0.006060353
1.41,-0.3,1.41,0,0,0,0.2,0.2,0.2,0.006060462
1.41,-0.3,1.41,0,0,0,0.2,0.2,0.2,0.006061354
1.41,-0.3,1.41,0,0,0,0.2,0.2,0.2,0.006060256
1.41,-0.3,1.41,0,0,0,0.2,0.2,0.2,0.006061355
1.41,-0.3,1.41,0,0,0,0.2,0.2,0.2,0.006060057
1.41,-0.3,1.41,0,0,0,0.2,0.2,0.2,0.006060744
1.41,-0.3,1.41,0,0,0,0.2,0.2,0.2,0.006061183
1.41,-0.3,1.41,0,0,0,0.2,0.2,0.2,0.006060302
1.41,-0.3,1.41,0,0,0,0.2,0.2,0.2,0.006060894
1.41,-0.3,1.41,0,0,0,0.2,0.2,0.2,0.006061003
1.41,-0.3,1.41,0,0,0,0.2,0.2,0.2,0.006060439
1.41,-0.3,1.41,0,0,0,0.2,0.2,0.2,0.006061183
1.41,-0.3,1.41,0,0,0,0.2,0.2,0.2,0.006060148
1.41,-0.3,1.41,0,0,0,0.2,0.2,0.2,0.006060649
1.41,-0.3,1.41,0,0,0,0.2,0.2,0.2,0.006061104
1.41,-0.3,1.41,0,0,0,0.2,0.2,0.2,0.00606048
1.41,-0.3,1.41,0,0,0,0.2,0.2,0.2,0.006060974
1.41,-0.3,1.41,0,0,0,0.2,0.2,0.2,0.006060548
1.41,-0.3,1.41,0,0,0,0.2,0.2,0.2,0.006060527
1.41,-0.3,1.41,0,0,0,0.2,0.2,0.2,0.00606131
1.41,-0.3,1.41,0,0,0,0.2,0.2,0.2,0.006060524
1.41,-0.3,1.41,0,0,0,0.2,0.2,0.2,0.006060433
1.41,-0.3,1.41,0,0,0,0.2,0.2,0.2,0.006061143
1.41,-0.3,1.41,0,0,0,0.2,0.2,0.2,0.006060312
1.41,-0.3,1.41,0,0,0,0.2,0.2,0.2,0.006061211
1.41,-0.3,1.41,0,0,0,0.2,0.2,0.2,0.006060371
1.41,-0.3,1.41,0,0,0,0.2,0.2,0.2,0.006060747
1.41,-0.3,1.41,0,0,0,0.2,0.2,0.2,0.006060305
1.41,-0.3,1.41,0,0,0,0.2,0.2,0.2,0.006060798
1.41,-0.3,1.41,0,0,0,0.2,0.2,0.2,0.006060915
1.41,-0.3,1.41,0,0,0,0.2,0.2,0.2,0.006061448
1.41,-0.3,1.41,0,0,0,0.2,0.2,0.2,0.006060196
1.41,-0.3,1.41,0,0,0,0.2,0.2,0.2,0.006060833
1.41,-0.3,1.41,0,0,0,0.2,0.2,0.2,0.00606022
1.41,-0.3,1.41,0,0,0,0.2,0.2,0.2,0.006061033
1.41,-0.3,1.41,0,0,0,0.2,0.2,0.2,0.006060992
1.41,-0.3,1.41,0,0,0,0.2,0.2,0.2,0.006060342
1.41,-0.3,1.41,0,0,0,0.2,0.2,0.2,0.006060684
1.41,-0.3,1.41,0,0,0,0.2,0.2,0.2,0.006061155
1.41,-0.3,1.41,0,0,0,0.2,0.2,0.2,0.006060058
1.41,-0.3,1.41,0,0,0,0.2,0.2,0.2,0.006061289
1.41,-0.3,1.41,0,0,0,0.2,0.2,0.2,0.0060604
1.41,-0.3,1.41,0,0,0,0.2,0.2,0.2,0.006060271
1.41,-0.3,1.41,0,0,0,0.2,0.2,0.2,0.006061401
1.41,-0.3,1.41,0,0,0,0.2,0.2,0.2,0.006060325
1.41,-0.3,1.41,0,0,0,0.2,0.2,0.2,0.006060891
1.41,-0.3,1.41,0,0,0,0.2,0.2,0.2,0.006060562
1.41,-0.3,1.41,0,0,0,0.2,0.2,0.2,0.00606069
1.41,-0.3,1.41,0,0,0,0.2,0.2,0.2,0.006061519
1.41,-0.3,1.41,0,0,0,0.2,0.2,0.2,0.006059981
1.41,-0.3,1.41,0,0,0,0.2,0.2,0.2,0.006060812
1.41,-0.3,1.41,0,0,0,0.2,0.2,0.2,0.006061558
1.41,-0.3,1.41,0,0,0,0.2,0.2,0.2,0.006059741
1.41,-0.3,1.41,0,0,0,0.2,0.2,0.2,0.006061073
1.41,-0.3,1.41,0,0,0,0.2,0.2,0.2,0.006060617
1.41,-0.3,1.41,0,0,0,0.2,0.2,0.2,0.006061065
1.41,-0.3,1.41,0,0,0,0.2,0.2,0.2,0.006061103
1.41,-0.3,1.41,0,0,0,0.2,0.2,0.2,0.006059754
1.41,-0.3,1.41,0,0,0,0.2,0.2,0.2,0.00606097
1.41,-0.3,1.41,0,0,0,0.2,0.2,0.2,0.006061042
1.41,-0.3,1.41,0,0,0,0.2,0.2,0.2,0.00606028
1.41,-0.3,1.41,0,0,0,0.2,0.2,0.2,0.00606158
1.41,-0.3,1.41,0,0,0,0.2,0.2,0.2,0.006059823
1.41,-0.3,1.41,0,0,0,0.2,0.2,0.2,0.00606086
1.41,-0.3,1.41,0,0,0,0.2,0.2,0.2,0.006061336
1.41,-0.3,1.41,0,0,0,0.2,0.2,0.2,0.006060035
1.41,-0.3,1.41,0,0,0,0.2,0.2,0.2,0.006060718
1.41,-0.3,1.41,0,0,0,0.2,0.2,0.2,0.006060709
1.41,-0.3,1.41,0,0,0,0.2,0.2,0.2,0.006061184
1.41,-0.3,1.41,0,0,0,0.2,0.2,0.2,0.006061365
1.41,-0.3,1.41,0,0,0,0.2,0.2,0.2,0.006060055
1.41,-0.3,1.41,0,0,0,0.2,0.2,0.2,0.006060709
1.41,-0.3,1.41,0,0,0,0.2,0.2,0.2,0.00606129
1.41,-0.3,1.41,0,0,0,0.2,0.2,0.2,0.006060075
1.41,-0.3,1.41,0,0,0,0.2,0.2,0.2,0.006061249
1.41,-0.3,1.41,0,0,0,0.2,0.2,0.2,0.006060301
1.41,-0.3,1.41,0,0,0,0.2,0.2,0.2,0.006060485
1.41,-0.3,1.41,0,0,0,0.2,0.2,0.2,0.006061015
1.41,-0.3,1.41,0,0,0,0.2,0.2,0.2,0.006060548
1.41,-0.3,1.41,0,0,0,0.2,0.2,0.2,0.006061325
1.41,-0.3,1.41,0,0,0,0.2,0.2,0.2,0.006060631
1.41,-0.3,1.41,0,0,0,0.2,0.2,0.2,0.006060723
1.41,-0.3,1.41,0,0,0,0.2,0.2,0.2,0.006060885
1.41,-0.3,1.41,0,0,0,0.2,0.2,0.2,0.006059869
1.41,-0.3,1.41,0,0,0,0.2,0.2,0.2,0.006060915
1.41,-0.3,1.41,0,0,0,0.2,0.2,0.2,0.006061254
1.41,-0.3,1.41,0,0,0,0.2,0.2,0.2,0.006060147
1.41,-0.3,1.41,0,0,0,0.2,0.2,0.2,0.006061382
1.41,-0.3,1.41,0,0,0,0.2,0.2,0.2,0.006059877
1.41,-0.3,1.41,0,0,0,0.2,0.2,0.2,0.006061433
1.41,-0.3,1.41,0,0,0,0.2,0.2,0.2,0.006060594
1.41,-0.3,1.41,0,0,0,0.2,0.2,0.2,0.006060617
1.41,-0.3,1.41,0,0,0,0.2,0.2,0.2,0.006060703
1.41,-0.3,1.41,0,0,0,0.2,0.2,0.2,0.00606067
1.41,-0.3,1.41,0,0,0,0.2,0.2,0.2,0.006060786
1.41,-0.3,1.41,0,0,0,0.2,0.2,0.2,0.006061107
1.41,-0.3,1.41,0,0,0,0.2,0.2,0.2,0.006060442
1.41,-0.3,1.41,0,0,0,0.2,0.2,0.2,0.006060818
1.41,-0.3,1.41,0,0,0,0.2,0.2,0.2,0.006060734
1.41,-0.3,1.41,0,0,0,0.2,0.2,0.2,0.006060866
1.41,-0.3,1.41,0,0,0,0.2,0.2,0.2,0.006061007
1.41,-0.3,1.41,0,0,0,0.2,0.2,0.2,0.006060151
1.41,-0.3,1.41,0,0,0,0.2,0.2,0.2,0.006060769
1.41,-0.3,1.41,0,0,0,0.2,0.2,0.2,0.006061433
1.41,-0.3,1.41,0,0,0,0.2,0.2,0.2,0.006060716
1.41,-0.3,1.41,0,0,0,0.2,0.2,0.2,0.006059971
1.41,-0.3,1.41,0,0,0,0.2,0.2,0.2,0.006061364
1.41,-0.3,1.41,0,0,0,0.2,0.2,0.2,0.006060208
1.41,-0.3,1.41,0,0,0,0.2,0.2,0.2,0.006060675
1.41,-0.3,1.41,0,0,0,0.2,0.2,0.2,0.006060817
1.41,-0.3,1.41,0,0,0,0.2,0.2,0.2,0.006060682
1.41,-0.3,1.41,0,0,0,0.2,0.2,0.2,0.006060688
1.41,-0.3,1.41,0,0,0,0.2,0.2,0.2,0.006060805
1.41,-0.3,1.41,0,0,0,0.2,0.2,0.2,0.006060409
1.41,-0.3,1.41,0,0,0,0.2,0.2,0.2,0.006061206
1.41,-0.3,1.41,0,0,0,0.2,0.2,0.2,0.006060644
1.41,-0.3,1.41,0,0,0,0.2,0.2,0.2,0.006060882
1.41,-0.3,1.41,0,0,0,0.2,0.2,0.2,0.006060255
1.41,-0.3,1.41,0,0,0,0.2,0.2,0.2,0.006060716
1.41,-0.3,1.41,0,0,0,0.2,0.2,0.2,0.006062079
1.41,-0.3,1.41,0,0,0,0.2,0.2,0.2,0.006059449
1.41,-0.3,1.41,0,0,0,0.2,0.2,0.2,0.006061297
1.41,-0.3,1.41,0,0,0,0.2,0.2,0.2,0.006060366
1.41,-0.3,1.41,0,0,0,0.2,0.2,0.2,0.006060527
1.41,-0.3,1.41,0,0,0,0.2,0.2,0.2,0.006060966
1.41,-0.3,1.41,0,0,0,0.2,0.2,0.2,0.006060792
1.41,-0.3,1.41,0,0,0,0.2,0.2,0.2,0.006061169
1.41,-0.3,1.41,0,0,0,0.2,0.2,0.2,0.006060628
1.41,-0.3,1.41,0,0,0,0.2,0.2,0.2,0.006059808
1.41,-0.3,1.41,0,0,0,0.2,0.2,0.2,0.006061455
1.41,-0.3,1.41,0,0,0,0.2,0.2,0.2,0.006060271
1.41,-0.3,1.41,0,0,0,0.2,0.2,0.2,0.006060539
1.41,-0.3,1.41,0,0,0,0.2,0.2,0.2,0.00606161
1.41,-0.3,1.41,0,0,0,0.2,0.2,0.2,0.00606005
1.41,-0.3,1.41,0,0,0,0.2,0.2,0.2,0.006060829
1.41,-0.3,1.41,0,0,0,0.2,0.2,0.2,0.006060959
1.41,-0.3,1.41,0,0,0,0.2,0.2,0.2,0.006060569
1.41,-0.3,1.41,0,0,0,0.2,0.2,0.2,0.006060867
1.41,-0.3,1.41,0,0,0,0.2,0.2,0.2,0.006060405
1.41,-0.3,1.41,0,0,0,0.2,0.2,0.2,0.006060814
1.41,-0.3,1.41,0,0,0,0.2,0.2,0.2,0.006061238
1.41,-0.3,1.41,0,0,0,0.2,0.2,0.2,0.006059952
1.41,-0.3,1.41,0,0,0,0.2,0.2,0.2,0.006061295
1.41,-0.3,1.41,0,0,0,0.2,0.2,0.2,0.006060505
1.41,-0.3,1.41,0,0,0,0.2,0.2,0.2,0.006060948
1.41,-0.3,1.41,0,0,0,0.2,0.2,0.2,0.006061203
1.41,-0.3,1.41,0,0,0,0.2,0.2,0.2,0.00605985
1.41,-0.3,1.41,0,0,0,0.2,0.2,0.2,0.006060776
1.41,-0.3,1.41,0,0,0,0.2,0.2,0.2,0.006061254
1.41,-0.3,1.41,0,0,0,0.2,0.2,0.2,0.006059849
1.41,-0.3,1.41,0,0,0,0.2,0.2,0.2,0.006061604
1.41,-0.3,1.41,0,0,0,0.2,0.2,0.2,0.006060161
1.41,-0.3,1.41,0,0,0,0.2,0.2,0.2,0.006060721
1.41,-0.3,1.41,0,0,0,0.2,0.2,0.2,0.006061285
1.41,-0.3,1.41,0,0,0,0.2,0.2,0.2,0.006060554
1.41,-0.3,1.41,0,0,0,0.2,0.2,0.2,0.006062265
1.41,-0.3,1.41,0,0,0,0.2,0.2,0.2,0.006059032
1.41,-0.3,1.41,0,0,0,0.2,0.2,0.2,0.00606109
1.41,-0.3,1.41,0,0,0,0.2,0.2,0.2,0.006061001
1.41,-0.3,1.41,0,0,0,0.2,0.2,0.2,0.006060268
1.41,-0.3,1.41,0,0,0,0.2,0.2,0.2,0.006060784
1.41,-0.3,1.41,0,0,0,0.2,0.2,0.2,0.006061152
1.41,-0.3,1.41,0,0,0,0.2,0.2,0.2,0.006060131
1.41,-0.3,1.41,0,0,0,0.2,0.2,0.2,0.006061221
1.41,-0.3,1.41,0,0,0,0.2,0.2,0.2,0.006060208
1.41,-0.3,1.41,0,0,0,0.2,0.2,0.2,0.006060795
1.41,-0.3,1.41,0,0,0,0.2,0.2,0.2,0.006061715
1.41,-0.3,1.41,0,0,0,0.2,0.2,0.2,0.006059762
1.41,-0.3,1.41,0,0,0,0.2,0.2,0.2,0.006060978
1.41,-0.3,1.41,0,0,0,0.2,0.2,0.2,0.006060809
1.41,-0.3,1.41,0,0,0,0.2,0.2,0.2,0.006061027
1.41,-0.3,1.41,0,0,0,0.2,0.2,0.2,0.006061034
1.41,-0.3,1.41,0,0,0,0.2,0.2,0.2,0.006060381
1.41,-0.3,1.41,0,0,0,0.2,0.2,0.2,0.006060952
1.41,-0.3,1.41,0,0,0,0.2,0.2,0.2,0.006060193
1.41,-0.3,1.41,0,0,0,0.2,0.2,0.2,0.006060728
1.41,-0.3,1.41,0,0,0,0.2,0.2,0.2,0.006060457
1.41,-0.3,1.41,0,0,0,0.2,0.2,0.2,0.006060855
1.41,-0.3,1.41,0,0,0,0.2,0.2,0.2,0.006060866
1.41,-0.3,1.41,0,0,0,0.2,0.2,0.2,0.00606128
1.41,-0.3,1.41,0,0,0,0.2,0.2,0.2,0.006060331
1.41,-0.3,1.41,0,0,0,0.2,0.2,0.2,0.006061008
1.41,-0.3,1.41,0,0,0,0.2,0.2,0.2,0.006060668
1.41,-0.3,1.41,0,0,0,0.2,0.2,0.2,0.00606053
1.41,-0.3,1.41,0,0,0,0.2,0.2,0.2,0.006061299
1.41,-0.3,1.41,0,0,0,0.2,0.2,0.2,0.006060911
1.41,-0.3,1.41,0,0,0,0.2,0.2,0.2,0.006060096
1.41,-0.3,1.41,0,0,0,0.2,0.2,0.2,0.006061104
1.41,-0.3,1.41,0,0,0,0.2,0.2,0.2,0.006060437
1.41,-0.3,1.41,0,0,0,0.2,0.2,0.2,0.006060896
1.41,-0.3,1.41,0,0,0,0.2,0.2,0.2,0.006060359
1.41,-0.3,1.41,0,0,0,0.2,0.2,0.2,0.006060988
1.41,-0.3,1.41,0,0,0,0.2,0.2,0.2,0.006060953
1.41,-0.3,1.41,0,0,0,0.2,0.2,0.2,0.006060453
1.41,-0.3,1.41,0,0,0,0.2,0.2,0.2,0.006061086
1.41,-0.3,1.41,0,0,0,0.2,0.2,0.2,0.006060301
1.41,-0.3,1.41,0,0,0,0.2,0.2,0.2,0.006061147
1.41,-0.3,1.41,0,0,0,0.2,0.2,0.2,0.006060845
1.41,-0.3,1.41,0,0,0,0.2,0.2,0.2,0.006060066
1.41,-0.3,1.41,0,0,0,0.2,0.2,0.2,0.006061291
1.41,-0.3,1.41,0,0,0,0.2,0.2,0.2,0.006060819
1.41,-0.3,1.41,0,0,0,0.2,0.2,0.2,0.006060313
1.41,-0.3,1.41,0,0,0,0.2,0.2,0.2,0.006061126
1.41,-0.3,1.41,0,0,0,0.2,0.2,0.2,0.006060403
1.41,-0.3,1.41,0,0,0,0.2,0.2,0.2,0.006060662
1.41,-0.3,1.41,0,0,0,0.2,0.2,0.2,0.006061214
1.41,-0.3,1.41,0,0,0,0.2,0.2,0.2,0.006060245
1.41,-0.3,1.41,0,0,0,0.2,0.2,0.2,0.006061099
1.41,-0.3,1.41,0,0,0,0.2,0.2,0.2,0.006060643
1.41,-0.3,1.41,0,0,0,0.2,0.2,0.2,0.006060498
1.41,-0.3,1.41,0,0,0,0.2,0.2,0.2,0.006061669
1.41,-0.3,1.41,0,0,0,0.2,0.2,0.2,0.006059957
1.41,-0.3,1.41,0,0,0,0.2,0.2,0.2,0.006061162
1.41,-0.3,1.41,0,0,0,0.2,0.2,0.2,0.006060829
1.41,-0.3,1.41,0,0,0,0.2,0.2,0.2,0.006059975
1.41,-0.3,1.41,0,0,0,0.2,0.2,0.2,0.006061532
1.41,-0.3,1.41,0,0,0,0.2,0.2,0.2,0.006059909
1.41,-0.3,1.41,0,0,0,0.2,0.2,0.2,0.006060897
1.41,-0.3,1.41,0,0,0,0.2,0.2,0.2,0.006061067
1.41,-0.3,1.41,0,0,0,0.2,0.2,0.2,0.006060568
1.41,-0.3,1.41,0,0,0,0.2,0.2,0.2,0.006061332
1.41,-0.3,1.41,0,0,0,0.2,0.2,0.2,0.006060231
1.41,-0.3,1.41,0,0,0,0.2,0.2,0.2,0.006060469
1.41,-0.3,1.41,0,0,0,0.2,0.2,0.2,0.006061237
1.41,-0.3,1.41,0,0,0,0.2,0.2,0.2,0.006060282
1.41,-0.3,1.41,0,0,0,0.2,0.2,0.2,0.006061557
1.41,-0.3,1.41,0,0,0,0.2,0.2,0.2,0.006060503
1.41,-0.3,1.41,0,0,0,0.2,0.2,0.2,0.006060806
1.41,-0.3,1.41,0,0,0,0.2,0.2,0.2,0.006061443
1.41,-0.3,1.41,0,0,0,0.2,0.2,0.2,0.006060247
1.41,-0.3,1.41,0,0,0,0.2,0.2,0.2,0.006060892
1.41,-0.3,1.41,0,0,0,0.2,0.2,0.2,0.006060075
1.41,-0.3,1.41,0,0,0,0.2,0.2,0.2,0.006060819
1.41,-0.3,1.41,0,0,0,0.2,0.2,0.2,0.006061329
1.41,-0.3,1.41,0,0,0,0.2,0.2,0.2,0.006060429
1.41,-0.3,1.41,0,0,0,0.2,0.2,0.2,0.006061153
1.41,-0.3,1.41,0,0,0,0.2,0.2,0.2,0.00606033
1.41,-0.3,1.41,0,0,0,0.2,0.2,0.2,0.006060581
1.41,-0.3,1.41,0,0,0,0.2,0.2,0.2,0.006061443
1.41,-0.3,1.41,0,0,0,0.2,0.2,0.2,0.006060085
1.41,-0.3,1.41,0,0,0,0.2,0.2,0.2,0.006060452
1.41,-0.3,1.41,0,0,0,0.2,0.2,0.2,0.006061349
1.41,-0.3,1.41,0,0,0,0.2,0.2,0.2,0.006060179
1.41,-0.3,1.41,0,0,0,0.2,0.2,0.2,0.00606162
1.41,-0.3,1.41,0,0,0,0.2,0.2,0.2,0.006060057
1.41,-0.3,1.41,0,0,0,0.2,0.2,0.2,0.00606057
1.41,-0.3,1.41,0,0,0,0.2,0.2,0.2,0.006060296
1.41,-0.3,1.41,0,0,0,0.2,0.2,0.2,0.006060899
1.41,-0.3,1.41,0,0,0,0.2,0.2,0.2,0.00606084
1.41,-0.3,1.41,0,0,0,0.2,0.2,0.2,0.006061384
1.41,-0.3,1.41,0,0,0,0.2,0.2,0.2,0.006059915
1.41,-0.3,1.41,0,0,0,0.2,0.2,0.2,0.006061237
1.41,-0.3,1.41,0,0,0,0.2,0.2,0.2,0.006060445
1.41,-0.3,1.41,0,0,0,0.2,0.2,0.2,0.006060488
1.41,-0.3,1.41,0,0,0,0.2,0.2,0.2,0.006061272
1.41,-0.3,1.41,0,0,0,0.2,0.2,0.2,0.006060191
1.41,-0.3,1.41,0,0,0,0.2,0.2,0.2,0.006060829
1.41,-0.3,1.41,0,0,0,0.2,0.2,0.2,0.00606132
1.41,-0.3,1.41,0,0,0,0.2,0.2,0.2,0.006059836
1.41,-0.3,1.41,0,0,0,0.2,0.2,0.2,0.00606191
1.41,-0.3,1.41,0,0,0,0.2,0.2,0.2,0.006060184
1.41,-0.3,1.41,0,0,0,0.2,0.2,0.2,0.006060207
1.41,-0.3,1.41,0,0,0,0.2,0.2,0.2,0.006061128
1.41,-0.3,1.41,0,0,0,0.2,0.2,0.2,0.00606031
1.41,-0.3,1.41,0,0,0,0.2,0.2,0.2,0.006060937
1.41,-0.3,1.41,0,0,0,0.2,0.2,0.2,0.006061114
1.41,-0.3,1.41,0,0,0,0.2,0.2,0.2,0.006060259
1.41,-0.3,1.41,0,0,0,0.2,0.2,0.2,0.006061192
1.41,-0.3,1.41,0,0,0,0.2,0.2,0.2,0.006059878
1.41,-0.3,1.41,0,0,0,0.2,0.2,0.2,0.006060931
1.41,-0.3,1.41,0,0,0,0.2,0.2,0.2,0.006060657
1.41,-0.3,1.41,0,0,0,0.2,0.2,0.2,0.006060851
1.41,-0.3,1.41,0,0,0,0.2,0.2,0.2,0.006060935
1.41,-0.3,1.41,0,0,0,0.2,0.2,0.2,0.00606096
1.41,-0.3,1.41,0,0,0,0.2,0.2,0.2,0.006060583
1.41,-0.3,1.41,0,0,0,0.2,0.2,0.2,0.006061458
1.41,-0.3,1.41,0,0,0,0.2,0.2,0.2,0.006060109
1.41,-0.3,1.41,0,0,0,0.2,0.2,0.2,0.006061207
1.41,-0.3,1.41,0,0,0,0.2,0.2,0.2,0.006060527
1.41,-0.3,1.41,0,0,0,0.2,0.2,0.2,0.006060698
1.41,-0.3,1.41,0,0,0,0.2,0.2,0.2,0.006060887
1.41,-0.3,1.41,0,0,0,0.2,0.2,0.2,0.006060336
1.41,-0.3,1.41,0,0,0,0.2,0.2,0.2,0.006060583
1.41,-0.3,1.41,0,0,0,0.2,0.2,0.2,0.006061453
1.41,-0.3,1.41,0,0,0,0.2,0.2,0.2,0.006082982
1.41,-0.3,1.41,0,0,0,0.2,0.2,0.2,0.006060038
1.41,-0.3,1.41,0,0,0,0.2,0.2,0.2,0.006061112
1.41,-0.3,1.41,0,0,0,0.2,0.2,0.2,0.006060188
1.41,-0.3,1.41,0,0,0,0.2,0.2,0.2,0.006060828
1.41,-0.3,1.41,0,0,0,0.2,0.2,0.2,0.006061118
1.41,-0.3,1.41,0,0,0,0.2,0.2,0.2,0.006060481
1.41,-0.3,1.41,0,0,0,0.2,0.2,0.2,0.006060632
1.41,-0.3,1.41,0,0,0,0.2,0.2,0.2,0.006061143
1.41,-0.3,1.41,0,0,0,0.2,0.2,0.2,0.006059883
1.41,-0.3,1.41,0,0,0,0.2,0.2,0.2,0.006061146
1.41,-0.3,1.41,0,0,0,0.2,0.2,0.2,0.006060481
1.41,-0.3,1.41,0,0,0,0.2,0.2,0.2,0.006060902
1.41,-0.3,1.41,0,0,0,0.2,0.2,0.2,0.00606092
1.41,-0.3,1.41,0,0,0,0.2,0.2,0.2,0.006060351
1.41,-0.3,1.41,0,0,0,0.2,0.2,0.2,0.006061238
1.41,-0.3,1.41,0,0,0,0.2,0.2,0.2,0.006059842
1.41,-0.3,1.41,0,0,0,0.2,0.2,0.2,0.006061078
1.41,-0.3,1.41,0,0,0,0.2,0.2,0.2,0.006061149
1.41,-0.3,1.41,0,0,0,0.2,0.2,0.2,0.006060065
1.41,-0.3,1.41,0,0,0,0.2,0.2,0.2,0.00606118
1.41,-0.3,1.41,0,0,0,0.2,0.2,0.2,0.006060948
1.41,-0.3,1.41,0,0,0,0.2,0.2,0.2,0.006060904
1.41,-0.3,1.41,0,0,0,0.2,0.2,0.2,0.006061246
1.41,-0.3,1.41,0,0,0,0.2,0.2,0.2,0.00605957
1.41,-0.3,1.41,0,0,0,0.2,0.2,0.2,0.006061375
1.41,-0.3,1.41,0,0,0,0.2,0.2,0.2,0.00606081
1.41,-0.3,1.41,0,0,0,0.2,0.2,0.2,0.00606027
1.41,-0.3,1.41,0,0,0,0.2,0.2,0.2,0.006061684
1.41,-0.3,1.41,0,0,0,0.2,0.2,0.2,0.006059656
1.41,-0.3,1.41,0,0,0,0.2,0.2,0.2,0.006060954
1.41,-0.3,1.41,0,0,0,0.2,0.2,0.2,0.006061413
1.41,-0.3,1.41,0,0,0,0.2,0.2,0.2,0.006060109
1.41,-0.3,1.41,0,0,0,0.2,0.2,0.2,0.006060914
1.41,-0.3,1.41,0,0,0,0.2,0.2,0.2,0.006060636
1.41,-0.3,1.41,0,0,0,0.2,0.2,0.2,0.006060816
1.41,-0.3,1.41,0,0,0,0.2,0.2,0.2,0.006061016
1.41,-0.3,1.41,0,0,0,0.2,0.2,0.2,0.006060176
1.41,-0.3,1.41,0,0,0,0.2,0.2,0.2,0.006060655
1.41,-0.3,1.41,0,0,0,0.2,0.2,0.2,0.006061223
1.41,-0.3,1.41,0,0,0,0.2,0.2,0.2,0.006060277
1.41,-0.3,1.41,0,0,0,0.2,0.2,0.2,0.006060741
1.41,-0.3,1.41,0,0,0,0.2,0.2,0.2,0.00606097
1.41,-0.3,1.41,0,0,0,0.2,0.2,0.2,0.00606049
1.41,-0.3,1.41,0,0,0,0.2,0.2,0.2,0.006061302
1.41,-0.3,1.41,0,0,0,0.2,0.2,0.2,0.006060041
1.41,-0.3,1.41,0,0,0,0.2,0.2,0.2,0.006061057
1.41,-0.3,1.41,0,0,0,0.2,0.2,0.2,0.006060752
1.41,-0.3,1.41,0,0,0,0.2,0.2,0.2,0.006060678
1.41,-0.3,1.41,0,0,0,0.2,0.2,0.2,0.006060482
1.41,-0.3,1.41,0,0,0,0.2,0.2,0.2,0.006060747
1.41,-0.3,1.41,0,0,0,0.2,0.2,0.2,0.006060983
1.41,-0.3,1.41,0,0,0,0.2,0.2,0.2,0.006060779
1.41,-0.3,1.41,0,0,0,0.2,0.2,0.2,0.006060831
1.41,-0.3,1.41,0,0,0,0.2,0.2,0.2,0.006060321
1.41,-0.3,1.41,0,0,0,0.2,0.2,0.2,0.006061074
1.41,-0.3,1.41,0,0,0,0.2,0.2,0.2,0.006060416
1.41,-0.3,1.41,0,0,0,0.2,0.2,0.2,0.006061013
1.41,-0.3,1.41,0,0,0,0.2,0.2,0.2,0.006060956
1.41,-0.3,1.41,0,0,0,0.2,0.2,0.2,0.006060266
1.41,-0.3,1.41,0,0,0,0.2,0.2,0.2,0.006061039
1.41,-0.3,1.41,0,0,0,0.2,0.2,0.2,0.006060899
1.41,-0.3,1.41,0,0,0,0.2,0.2,0.2,0.006060981
1.41,-0.3,1.41,0,0,0,0.2,0.2,0.2,0.006060515
1.41,-0.3,1.41,0,0,0,0.2,0.2,0.2,0.006060517
1.41,-0.3,1.41,0,0,0,0.2,0.2,0.2,0.006061279
1.41,-0.3,1.41,0,0,0,0.2,0.2,0.2,0.006060153
1.41,-0.3,1.41,0,0,0,0.2,0.2,0.2,0.006061386
1.41,-0.3,1.41,0,0,0,0.2,0.2,0.2,0.006060066
1.41,-0.3,1.41,0,0,0,0.2,0.2,0.2,0.006060498
1.41,-0.3,1.41,0,0,0,0.2,0.2,0.2,0.006061348
1.41,-0.3,1.41,0,0,0,0.2,0.2,0.2,0.006060178
1.41,-0.3,1.41,0,0,0,0.2,0.2,0.2,0.006060957
1.41,-0.3,1.41,0,0,0,0.2,0.2,0.2,0.006061304
1.41,-0.3,1.41,0,0,0,0.2,0.2,0.2,0.006060199
1.41,-0.3,1.41,0,0,0,0.2,0.2,0.2,0.006061194
1.41,-0.3,1.41,0,0,0,0.2,0.2,0.2,0.006060515
1.41,-0.3,1.41,0,0,0,0.2,0.2,0.2,0.00606032
1.41,-0.3,1.41,0,0,0,0.2,0.2,0.2,0.006061091
1.41,-0.3,1.41,0,0,0,0.2,0.2,0.2,0.006060712
1.41,-0.3,1.41,0,0,0,0.2,0.2,0.2,0.006060442
1.41,-0.3,1.41,0,0,0,0.2,0.2,0.2,0.006060878
1.41,-0.3,1.41,0,0,0,0.2,0.2,0.2,0.006060451
1.41,-0.3,1.41,0,0,0,0.2,0.2,0.2,0.006061515
1.41,-0.3,1.41,0,0,0,0.2,0.2,0.2,0.006060255
1.41,-0.3,1.41,0,0,0,0.2,0.2,0.2,0.006060353
1.41,-0.3,1.41,0,0,0,0.2,0.2,0.2,0.006061469
1.41,-0.3,1.41,0,0,0,0.2,0.2,0.2,0.00606013
1.41,-0.3,1.41,0,0,0,0.2,0.2,0.2,0.006061302
1.41,-0.3,1.41,0,0,0,0.2,0.2,0.2,0.00606028
1.41,-0.3,1.41,0,0,0,0.2,0.2,0.2,0.006060489
1.41,-0.3,1.41,0,0,0,0.2,0.2,0.2,0.006061419
1.41,-0.3,1.41,0,0,0,0.2,0.2,0.2,0.006060215
1.41,-0.3,1.41,0,0,0,0.2,0.2,0.2,0.006060576
1.41,-0.3,1.41,0,0,0,0.2,0.2,0.2,0.006061473
1.41,-0.3,1.41,0,0,0,0.2,0.2,0.2,0.006059985
1.41,-0.3,1.41,0,0,0,0.2,0.2,0.2,0.006061353
1.41,-0.3,1.41,0,0,0,0.2,0.2,0.2,0.006060875
1.41,-0.3,1.41,0,0,0,0.2,0.2,0.2,0.006060036
1.41,-0.3,1.41,0,0,0,0.2,0.2,0.2,0.006061281
1.41,-0.3,1.41,0,0,0,0.2,0.2,0.2,0.006060336
1.41,-0.3,1.41,0,0,0,0.2,0.2,0.2,0.006060444
1.41,-0.3,1.41,0,0,0,0.2,0.2,0.2,0.006061225
1.41,-0.3,1.41,0,0,0,0.2,0.2,0.2,0.006060086
1.41,-0.3,1.41,0,0,0,0.2,0.2,0.2,0.006061443
1.41,-0.3,1.41,0,0,0,0.2,0.2,0.2,0.006060235
1.41,-0.3,1.41,0,0,0,0.2,0.2,0.2,0.006060535
1.41,-0.3,1.41,0,0,0,0.2,0.2,0.2,0.006061428
1.41,-0.3,1.41,0,0,0,0.2,0.2,0.2,0.006060034
1.41,-0.3,1.41,0,0,0,0.2,0.2,0.2,0.006060843
1.41,-0.3,1.41,0,0,0,0.2,0.2,0.2,0.006061103
1.41,-0.3,1.41,0,0,0,0.2,0.2,0.2,0.006060166
1.41,-0.3,1.41,0,0,0,0.2,0.2,0.2,0.006061186
1.41,-0.3,1.41,0,0,0,0.2,0.2,0.2,0.006060181
1.41,-0.3,1.41,0,0,0,0.2,0.2,0.2,0.006060749
1.41,-0.3,1.41,0,0,0,0.2,0.2,0.2,0.006061018
1.41,-0.3,1.41,0,0,0,0.2,0.2,0.2,0.006060622
1.41,-0.3,1.41,0,0,0,0.2,0.2,0.2,0.006061389
1.41,-0.3,1.41,0,0,0,0.2,0.2,0.2,0.006060103
1.41,-0.3,1.41,0,0,0,0.2,0.2,0.2,0.006060673
1.41,-0.3,1.41,0,0,0,0.2,0.2,0.2,0.006060797
1.41,-0.3,1.41,0,0,0,0.2,0.2,0.2,0.006060786
1.41,-0.3,1.41,0,0,0,0.2,0.2,0.2,0.006060622
1.41,-0.3,1.41,0,0,0,0.2,0.2,0.2,0.006060897
1.41,-0.3,1.41,0,0,0,0.2,0.2,0.2,0.006060499
1.41,-0.3,1.41,0,0,0,0.2,0.2,0.2,0.006060516
1.41,-0.3,1.41,0,0,0,0.2,0.2,0.2,0.006060802
1.41,-0.3,1.41,0,0,0,0.2,0.2,0.2,0.006060997
1.41,-0.3,1.41,0,0,0,0.2,0.2,0.2,0.006060833
1.41,-0.3,1.41,0,0,0,0.2,0.2,0.2,0.006060503
1.41,-0.3,1.41,0,0,0,0.2,0.2,0.2,0.006060654
1.41,-0.3,1.41,0,0,0,0.2,0.2,0.2,0.006060816
1.41,-0.3,1.41,0,0,0,0.2,0.2,0.2,0.006060702
1.41,-0.3,1.41,0,0,0,0.2,0.2,0.2,0.006060444
1.41,-0.3,1.41,0,0,0,0.2,0.2,0.2,0.0060609
1.41,-0.3,1.41,0,0,0,0.2,0.2,0.2,0.006060971
1.41,-0.3,1.41,0,0,0,0.2,0.2,0.2,0.006060834
1.41,-0.3,1.41,0,0,0,0.2,0.2,0.2,0.006060431
1.41,-0.3,1.41,0,0,0,0.2,0.2,0.2,0.006061674
1.41,-0.3,1.41,0,0,0,0.2,0.2,0.2,0.006060224
1.41,-0.3,1.41,0,0,0,0.2,0.2,0.2,0.006060308
1.41,-0.3,1.41,0,0,0,0.2,0.2,0.2,0.006061355
1.41,-0.3,1.41,0,0,0,0.2,0.2,0.2,0.00606006
1.41,-0.3,1.41,0,0,0,0.2,0.2,0.2,0.006060837
1.41,-0.3,1.41,0,0,0,0.2,0.2,0.2,0.006061109
1.41,-0.3,1.41,0,0,0,0.2,0.2,0.2,0.006060388
1.41,-0.3,1.41,0,0,0,0.2,0.2,0.2,0.006061042
1.41,-0.3,1.41,0,0,0,0.2,0.2,0.2,0.006060474
1.41,-0.3,1.41,0,0,0,0.2,0.2,0.2,0.006060308
1.41,-0.3,1.41,0,0,0,0.2,0.2,0.2,0.006061489
1.41,-0.3,1.41,0,0,0,0.2,0.2,0.2,0.006059919
1.41,-0.3,1.41,0,0,0,0.2,0.2,0.2,0.006060798
1.41,-0.3,1.41,0,0,0,0.2,0.2,0.2,0.006061381
1.41,-0.3,1.41,0,0,0,0.2,0.2,0.2,0.006059717
1.41,-0.3,1.41,0,0,0,0.2,0.2,0.2,0.006061746
1.41,-0.3,1.41,0,0,0,0.2,0.2,0.2,0.006060382
1.41,-0.3,1.41,0,0,0,0.2,0.2,0.2,0.00606018
1.41,-0.3,1.41,0,0,0,0.2,0.2,0.2,0.00606177
1.41,-0.3,1.41,0,0,0,0.2,0.2,0.2,0.006059932
1.41,-0.3,1.41,0,0,0,0.2,0.2,0.2,0.006060769
1.41,-0.3,1.41,0,0,0,0.2,0.2,0.2,0.006061201
1.41,-0.3,1.41,0,0,0,0.2,0.2,0.2,0.006060764
1.41,-0.3,1.41,0,0,0,0.2,0.2,0.2,0.00606128
1.41,-0.3,1.41,0,0,0,0.2,0.2,0.2,0.006061007
1.41,-0.3,1.41,0,0,0,0.2,0.2,0.2,0.006059707
1.41,-0.3,1.41,0,0,0,0.2,0.2,0.2,0.006061158
1.41,-0.3,1.41,0,0,0,0.2,0.2,0.2,0.006060161
1.41,-0.3,1.41,0,0,0,0.2,0.2,0.2,0.006061438
1.41,-0.3,1.41,0,0,0,0.2,0.2,0.2,0.006060123
1.41,-0.3,1.41,0,0,0,0.2,0.2,0.2,0.006060905
1.41,-0.3,1.41,0,0,0,0.2,0.2,0.2,0.006060987
1.41,-0.3,1.41,0,0,0,0.2,0.2,0.2,0.006060512
1.41,-0.3,1.41,0,0,0,0.2,0.2,0.2,0.006060568
1.41,-0.3,1.41,0,0,0,0.2,0.2,0.2,0.006061052
1.41,-0.3,1.41,0,0,0,0.2,0.2,0.2,0.006060662
1.41,-0.3,1.41,0,0,0,0.2,0.2,0.2,0.006061048
1.41,-0.3,1.41,0,0,0,0.2,0.2,0.2,0.006060306
1.41,-0.3,1.41,0,0,0,0.2,0.2,0.2,0.006060626
1.41,-0.3,1.41,0,0,0,0.2,0.2,0.2,0.006061518
1.41,-0.3,1.41,0,0,0,0.2,0.2,0.2,0.006059831
1.41,-0.3,1.41,0,0,0,0.2,0.2,0.2,0.006061555
1.41,-0.3,1.41,0,0,0,0.2,0.2,0.2,0.006059855
1.41,-0.3,1.41,0,0,0,0.2,0.2,0.2,0.006060922
1.41,-0.3,1.41,0,0,0,0.2,0.2,0.2,0.006061037
1.41,-0.3,1.41,0,0,0,0.2,0.2,0.2,0.006060044
1.41,-0.3,1.41,0,0,0,0.2,0.2,0.2,0.006061304
1.41,-0.3,1.41,0,0,0,0.2,0.2,0.2,0.006060491
1.41,-0.3,1.41,0,0,0,0.2,0.2,0.2,0.00606069
1.41,-0.3,1.41,0,0,0,0.2,0.2,0.2,0.006061227
1.41,-0.3,1.41,0,0,0,0.2,0.2,0.2,0.006059971
1.41,-0.3,1.41,0,0,0,0.2,0.2,0.2,0.0060611
1.41,-0.3,1.41,0,0,0,0.2,0.2,0.2,0.006060692
1.41,-0.3,1.41,0,0,0,0.2,0.2,0.2,0.006060556
1.41,-0.3,1.41,0,0,0,0.2,0.2,0.2,0.006060787
1.41,-0.3,1.41,0,0,0,0.2,0.2,0.2,0.006060886
1.41,-0.3,1.41,0,0,0,0.2,0.2,0.2,0.006060432
1.41,-0.3,1.41,0,0,0,0.2,0.2,0.2,0.006061166
1.41,-0.3,1.41,0,0,0,0.2,0.2,0.2,0.006060547
1.41,-0.3,1.41,0,0,0,0.2,0.2,0.2,0.006060649
1.41,-0.3,1.41,0,0,0,0.2,0.2,0.2,0.006061089
1.41,-0.3,1.41,0,0,0,0.2,0.2,0.2,0.006060154
1.41,-0.3,1.41,0,0,0,0.2,0.2,0.2,0.006061787
1.41,-0.3,1.41,0,0,0,0.2,0.2,0.2,0.006059735
1.41,-0.3,1.41,0,0,0,0.2,0.2,0.2,0.006060872
1.41,-0.3,1.41,0,0,0,0.2,0.2,0.2,0.006061506
1.41,-0.3,1.41,0,0,0,0.2,0.2,0.2,0.006059994
1.41,-0.3,1.41,0,0,0,0.2,0.2,0.2,0.006060697
1.41,-0.3,1.41,0,0,0,0.2,0.2,0.2,0.006060978
1.41,-0.3,1.41,0,0,0,0.2,0.2,0.2,0.006060606
1.41,-0.3,1.41,0,0,0,0.2,0.2,0.2,0.006060864
1.41,-0.3,1.41,0,0,0,0.2,0.2,0.2,0.006060705
1.41,-0.3,1.41,0,0,0,0.2,0.2,0.2,0.006060577
1.41,-0.3,1.41,0,0,0,0.2,0.2,0.2,0.006060989
1.41,-0.3,1.41,0,0,0,0.2,0.2,0.2,0.006060375
1.41,-0.3,1.41,0,0,0,0.2,0.2,0.2,0.006060401
1.41,-0.3,1.41,0,0,0,0.2,0.2,0.2,0.006061186
1.41,-0.3,1.41,0,0,0,0.2,0.2,0.2,0.00606069
1.41,-0.3,1.41,0,0,0,0.2,0.2,0.2,0.006061084
1.41,-0.3,1.41,0,0,0,0.2,0.2,0.2,0.006060603
1.41,-0.3,1.41,0,0,0,0.2,0.2,0.2,0.006060342
1.41,-0.3,1.41,0,0,0,0.2,0.2,0.2,0.006061599
1.41,-0.3,1.41,0,0,0,0.2,0.2,0.2,0.006059985
1.41,-0.3,1.41,0,0,0,0.2,0.2,0.2,0.006060585
1.41,-0.3,1.41,0,0,0,0.2,0.2,0.2,0.006060789
1.41,-0.3,1.41,0,0,0,0.2,0.2,0.2,0.006060718
1.41,-0.3,1.41,0,0,0,0.2,0.2,0.2,0.006061307
1.41,-0.3,1.41,0,0,0,0.2,0.2,0.2,0.006060251
1.41,-0.3,1.41,0,0,0,0.2,0.2,0.2,0.006060486
1.41,-0.3,1.41,0,0,0,0.2,0.2,0.2,0.006061633
1.41,-0.3,1.41,0,0,0,0.2,0.2,0.2,0.006059954
1.41,-0.3,1.41,0,0,0,0.2,0.2,0.2,0.006061209
1.41,-0.3,1.41,0,0,0,0.2,0.2,0.2,0.006060367
1.41,-0.3,1.41,0,0,0,0.2,0.2,0.2,0.006060515
1.41,-0.3,1.41,0,0,0,0.2,0.2,0.2,0.00606096
1.41,-0.3,1.41,0,0,0,0.2,0.2,0.2,0.006060823
1.41,-0.3,1.41,0,0,0,0.2,0.2,0.2,0.006060454
1.41,-0.3,1.41,0,0,0,0.2,0.2,0.2,0.006060839
1.41,-0.3,1.41,0,0,0,0.2,0.2,0.2,0.006060643
1.41,-0.3,1.41,0,0,0,0.2,0.2,0.2,0.006061047
1.41,-0.3,1.41,0,0,0,0.2,0.2,0.2,0.006060508
1.41,-0.3,1.41,0,0,0,0.2,0.2,0.2,0.006060407
1.41,-0.3,1.41,0,0,0,0.2,0.2,0.2,0.00606149
1.41,-0.3,1.41,0,0,0,0.2,0.2,0.2,0.006060305
1.41,-0.3,1.41,0,0,0,0.2,0.2,0.2,0.006061915
1.41,-0.3,1.41,0,0,0,0.2,0.2,0.2,0.006059565
1.41,-0.3,1.41,0,0,0,0.2,0.2,0.2,0.006060892
1.41,-0.3,1.41,0,0,0,0.2,0.2,0.2,0.006061318
1.41,-0.3,1.41,0,0,0,0.2,0.2,0.2,0.006059887
1.41,-0.3,1.41,0,0,0,0.2,0.2,0.2,0.006061691
1.41,-0.3,1.41,0,0,0,0.2,0.2,0.2,0.006060875
1.41,-0.3,1.41,0,0,0,0.2,0.2,0.2,0.00606003
1.41,-0.3,1.41,0,0,0,0.2,0.2,0.2,0.006061161
1.41,-0.3,1.41,0,0,0,0.2,0.2,0.2,0.006060186
1.41,-0.3,1.41,0,0,0,0.2,0.2,0.2,0.006060989
1.41,-0.3,1.41,0,0,0,0.2,0.2,0.2,0.006060786
1.41,-0.3,1.41,0,0,0,0.2,0.2,0.2,0.006060378
1.41,-0.3,1.41,0,0,0,0.2,0.2,0.2,0.00606131
1.41,-0.3,1.41,0,0,0,0.2,0.2,0.2,0.006060173
1.41,-0.3,1.41,0,0,0,0.2,0.2,0.2,0.006060788
1.41,-0.3,1.41,0,0,0,0.2,0.2,0.2,0.006061356
1.41,-0.3,1.41,0,0,0,0.2,0.2,0.2,0.006059932
1.41,-0.3,1.41,0,0,0,0.2,0.2,0.2,0.006061594
1.41,-0.3,1.41,0,0,0,0.2,0.2,0.2,0.00606019
1.41,-0.3,1.41,0,0,0,0.2,0.2,0.2,0.006060449
1.41,-0.3,1.41,0,0,0,0.2,0.2,0.2,0.006062048
1.41,-0.3,1.41,0,0,0,0.2,0.2,0.2,0.006059804
1.41,-0.3,1.41,0,0,0,0.2,0.2,0.2,0.00606074
1.41,-0.3,1.41,0,0,0,0.2,0.2,0.2,0.006060892
1.41,-0.3,1.41,0,0,0,0.2,0.2,0.2,0.006060374
1.41,-0.3,1.41,0,0,0,0.2,0.2,0.2,0.006061219
1.41,-0.3,1.41,0,0,0,0.2,0.2,0.2,0.006060044
1.41,-0.3,1.41,0,0,0,0.2,0.2,0.2,0.006061079
1.41,-0.3,1.41,0,0,0,0.2,0.2,0.2,0.006061338
1.41,-0.3,1.41,0,0,0,0.2,0.2,0.2,0.006060088
1.41,-0.3,1.41,0,0,0,0.2,0.2,0.2,0.006061316
1.41,-0.3,1.41,0,0,0,0.2,0.2,0.2,0.006059891
1.41,-0.3,1.41,0,0,0,0.2,0.2,0.2,0.006061054
1.41,-0.3,1.41,0,0,0,0.2,0.2,0.2,0.006060968
1.41,-0.3,1.41,0,0,0,0.2,0.2,0.2,0.00606035
1.41,-0.3,1.41,0,0,0,0.2,0.2,0.2,0.006060751
1.41,-0.3,1.41,0,0,0,0.2,0.2,0.2,0.006060949
1.41,-0.3,1.41,0,0,0,0.2,0.2,0.2,0.006060518
1.41,-0.3,1.41,0,0,0,0.2,0.2,0.2,0.006061352
1.41,-0.3,1.41,0,0,0,0.2,0.2,0.2,0.006060227
1.41,-0.3,1.41,0,0,0,0.2,0.2,0.2,0.006060651
1.41,-0.3,1.41,0,0,0,0.2,0.2,0.2,0.00606106
1.41,-0.3,1.41,0,0,0,0.2,0.2,0.2,0.006060217
1.41,-0.3,1.41,0,0,0,0.2,0.2,0.2,0.006060873
1.41,-0.3,1.41,0,0,0,0.2,0.2,0.2,0.006060782
1.41,-0.3,1.41,0,0,0,0.2,0.2,0.2,0.006060833
1.41,-0.3,1.41,0,0,0,0.2,0.2,0.2,0.006060909
1.41,-0.3,1.41,0,0,0,0.2,0.2,0.2,0.006060319
1.41,-0.3,1.41,0,0,0,0.2,0.2,0.2,0.006060782
1.41,-0.3,1.41,0,0,0,0.2,0.2,0.2,0.006061009
1.41,-0.3,1.41,0,0,0,0.2,0.2,0.2,0.006060507
1.41,-0.3,1.41,0,0,0,0.2,0.2,0.2,0.006060505
1.41,-0.3,1.41,0,0,0,0.2,0.2,0.2,0.00606088
1.41,-0.3,1.41,0,0,0,0.2,0.2,0.2,0.006060634
1.41,-0.3,1.41,0,0,0,0.2,0.2,0.2,0.006061479
1.41,-0.3,1.41,0,0,0,0.2,0.2,0.2,0.006059948
1.41,-0.3,1.41,0,0,0,0.2,0.2,0.2,0.006060557
1.41,-0.3,1.41,0,0,0,0.2,0.2,0.2,0.00606144
1.41,-0.3,1.41,0,0,0,0.2,0.2,0.2,0.006060206
1.41,-0.3,1.41,0,0,0,0.2,0.2,0.2,0.006061082
1.41,-0.3,1.41,0,0,0,0.2,0.2,0.2,0.006060555
1.41,-0.3,1.41,0,0,0,0.2,0.2,0.2,0.006060278
1.41,-0.3,1.41,0,0,0,0.2,0.2,0.2,0.006061379
1.41,-0.3,1.41,0,0,0,0.2,0.2,0.2,0.006060307
1.41,-0.3,1.41,0,0,0,0.2,0.2,0.2,0.006061499
1.41,-0.3,1.41,0,0,0,0.2,0.2,0.2,0.006060161
1.41,-0.3,1.41,0,0,0,0.2,0.2,0.2,0.006060181
1.41,-0.3,1.41,0,0,0,0.2,0.2,0.2,0.006061666
1.41,-0.3,1.41,0,0,0,0.2,0.2,0.2,0.006060389
1.41,-0.3,1.41,0,0,0,0.2,0.2,0.2,0.006060429
1.41,-0.3,1.41,0,0,0,0.2,0.2,0.2,0.006061755
1.41,-0.3,1.41,0,0,0,0.2,0.2,0.2,0.006059767
1.41,-0.3,1.41,0,0,0,0.2,0.2,0.2,0.006060828
1.41,-0.3,1.41,0,0,0,0.2,0.2,0.2,0.006060538
1.41,-0.3,1.41,0,0,0,0.2,0.2,0.2,0.006060798
1.41,-0.3,1.41,0,0,0,0.2,0.2,0.2,0.006061266
1.41,-0.3,1.41,0,0,0,0.2,0.2,0.2,0.006060306
1.41,-0.3,1.41,0,0,0,0.2,0.2,0.2,0.006060833
1.41,-0.3,1.41,0,0,0,0.2,0.2,0.2,0.006060998
1.41,-0.3,1.41,0,0,0,0.2,0.2,0.2,0.006060128
1.41,-0.3,1.41,0,0,0,0.2,0.2,0.2,0.006061465
1.41,-0.3,1.41,0,0,0,0.2,0.2,0.2,0.006060128
1.41,-0.3,1.41,0,0,0,0.2,0.2,0.2,0.006060744
1.41,-0.3,1.41,0,0,0,0.2,0.2,0.2,0.006061343
1.41,-0.3,1.41,0,0,0,0.2,0.2,0.2,0.006060158
1.41,-0.3,1.41,0,0,0,0.2,0.2,0.2,0.006060678
1.41,-0.3,1.41,0,0,0,0.2,0.2,0.2,0.006061267
1.41,-0.3,1.41,0,0,0,0.2,0.2,0.2,0.006060565
1.41,-0.3,1.41,0,0,0,0.2,0.2,0.2,0.006061089
1.41,-0.3,1.41,0,0,0,0.2,0.2,0.2,0.006060564
1.41,-0.3,1.41,0,0,0,0.2,0.2,0.2,0.006060727
1.41,-0.3,1.41,0,0,0,0.2,0.2,0.2,0.00606088
1.41,-0.3,1.41,0,0,0,0.2,0.2,0.2,0.006060434
1.41,-0.3,1.41,0,0,0,0.2,0.2,0.2,0.006061271
1.41,-0.3,1.41,0,0,0,0.2,0.2,0.2,0.006059842
1.41,-0.3,1.41,0,0,0,0.2,0.2,0.2,0.00606115
1.41,-0.3,1.41,0,0,0,0.2,0.2,0.2,0.00606064
1.41,-0.3,1.41,0,0,0,0.2,0.2,0.2,0.006060715
1.41,-0.3,1.41,0,0,0,0.2,0.2,0.2,0.006060738
1.41,-0.3,1.41,0,0,0,0.2,0.2,0.2,0.006060627
1.41,-0.3,1.41,0,0,0,0.2,0.2,0.2,0.00606066
1.41,-0.3,1.41,0,0,0,0.2,0.2,0.2,0.006061129
1.41,-0.3,1.41,0,0,0,0.2,0.2,0.2,0.006060146
1.41,-0.3,1.41,0,0,0,0.2,0.2,0.2,0.006061063
1.41,-0.3,1.41,0,0,0,0.2,0.2,0.2,0.006060947
1.41,-0.3,1.41,0,0,0,0.2,0.2,0.2,0.006060235
1.41,-0.3,1.41,0,0,0,0.2,0.2,0.2,0.006061492
1.41,-0.3,1.41,0,0,0,0.2,0.2,0.2,0.00606016
1.41,-0.3,1.41,0,0,0,0.2,0.2,0.2,0.006060732
1.41,-0.3,1.41,0,0,0,0.2,0.2,0.2,0.006060992
1.41,-0.3,1.41,0,0,0,0.2,0.2,0.2,0.006060384
1.41,-0.3,1.41,0,0,0,0.2,0.2,0.2,0.006060823
1.41,-0.3,1.41,0,0,0,0.2,0.2,0.2,0.006061015
1.41,-0.3,1.41,0,0,0,0.2,0.2,0.2,0.006060508
1.41,-0.3,1.41,0,0,0,0.2,0.2,0.2,0.006061196
1.41,-0.3,1.41,0,0,0,0.2,0.2,0.2,0.006060085
1.41,-0.3,1.41,0,0,0,0.2,0.2,0.2,0.006060684
1.41,-0.3,1.41,0,0,0,0.2,0.2,0.2,0.006061089
1.41,-0.3,1.41,0,0,0,0.2,0.2,0.2,0.006060245
1.41,-0.3,1.41,0,0,0,0.2,0.2,0.2,0.006061083
1.41,-0.3,1.41,0,0,0,0.2,0.2,0.2,0.006060301
1.41,-0.3,1.41,0,0,0,0.2,0.2,0.2,0.006061347
1.41,-0.3,1.41,0,0,0,0.2,0.2,0.2,0.00606111
1.41,-0.3,1.41,0,0,0,0.2,0.2,0.2,0.006060114
1.41,-0.3,1.41,0,0,0,0.2,0.2,0.2,0.006060761
1.41,-0.3,1.41,0,0,0,0.2,0.2,0.2,0.006061056
1.41,-0.3,1.41,0,0,0,0.2,0.2,0.2,0.006060555
1.41,-0.3,1.41,0,0,0,0.2,0.2,0.2,0.006060844
1.41,-0.3,1.41,0,0,0,0.2,0.2,0.2,0.006060512
1.41,-0.3,1.41,0,0,0,0.2,0.2,0.2,0.006060617
1.41,-0.3,1.41,0,0,0,0.2,0.2,0.2,0.006061149
1.41,-0.3,1.41,0,0,0,0.2,0.2,0.2,0.006060554
1.41,-0.3,1.41,0,0,0,0.2,0.2,0.2,0.006060067
1.41,-0.3,1.41,0,0,0,0.2,0.2,0.2,0.006061978
1.41,-0.3,1.41,0,0,0,0.2,0.2,0.2,0.00606053
1.41,-0.3,1.41,0,0,0,0.2,0.2,0.2,0.006060894
1.41,-0.3,1.41,0,0,0,0.2,0.2,0.2,0.006060822
1.41,-0.3,1.41,0,0,0,0.2,0.2,0.2,0.006060863
1.41,-0.3,1.41,0,0,0,0.2,0.2,0.2,0.006060663
1.41,-0.3,1.41,0,0,0,0.2,0.2,0.2,0.006063964
1.41,-0.3,1.41,0,0,0,0.2,0.2,0.2,0.006060919
1.41,-0.3,1.41,0,0,0,0.2,0.2,0.2,0.006060636
1.41,-0.3,1.41,0,0,0,0.2,0.2,0.2,0.006060185
1.41,-0.3,1.41,0,0,0,0.2,0.2,0.2,0.006061192
1.41,-0.3,1.41,0,0,0,0.2,0.2,0.2,0.006060342
1.41,-0.3,1.41,0,0,0,0.2,0.2,0.2,0.006060431
1.41,-0.3,1.41,0,0,0,0.2,0.2,0.2,0.006061504
1.41,-0.3,1.41,0,0,0,0.2,0.2,0.2,0.006060354
1.41,-0.3,1.41,0,0,0,0.2,0.2,0.2,0.006060535
1.41,-0.3,1.41,0,0,0,0.2,0.2,0.2,0.006060852
1.41,-0.3,1.41,0,0,0,0.2,0.2,0.2,0.006060623
1.41,-0.3,1.41,0,0,0,0.2,0.2,0.2,0.006061319
1.41,-0.3,1.41,0,0,0,0.2,0.2,0.2,0.006060423
1.41,-0.3,1.41,0,0,0,0.2,0.2,0.2,0.006060382
1.41,-0.3,1.41,0,0,0,0.2,0.2,0.2,0.006061467
1.41,-0.3,1.41,0,0,0,0.2,0.2,0.2,0.006060462
1.41,-0.3,1.41,0,0,0,0.2,0.2,0.2,0.006061424
1.41,-0.3,1.41,0,0,0,0.2,0.2,0.2,0.006059943
1.41,-0.3,1.41,0,0,0,0.2,0.2,0.2,0.006060825
1.41,-0.3,1.41,0,0,0,0.2,0.2,0.2,0.006060928
1.41,-0.3,1.41,0,0,0,0.2,0.2,0.2,0.006060951
1.41,-0.3,1.41,0,0,0,0.2,0.2,0.2,0.006061339
1.41,-0.3,1.41,0,0,0,0.2,0.2,0.2,0.006060488
1.41,-0.3,1.41,0,0,0,0.2,0.2,0.2,0.006060478
1.41,-0.3,1.41,0,0,0,0.2,0.2,0.2,0.006061023
1.41,-0.3,1.41,0,0,0,0.2,0.2,0.2,0.006060065
1.41,-0.3,1.41,0,0,0,0.2,0.2,0.2,0.006061558
1.41,-0.3,1.41,0,0,0,0.2,0.2,0.2,0.006060117
1.41,-0.3,1.41,0,0,0,0.2,0.2,0.2,0.00606102
1.41,-0.3,1.41,0,0,0,0.2,0.2,0.2,0.006061362
1.41,-0.3,1.41,0,0,0,0.2,0.2,0.2,0.006059949
1.41,-0.3,1.41,0,0,0,0.2,0.2,0.2,0.006061186
1.41,-0.3,1.41,0,0,0,0.2,0.2,0.2,0.006065275
1.41,-0.3,1.41,0,0,0,0.2,0.2,0.2,0.006055406
1.41,-0.3,1.41,0,0,0,0.2,0.2,0.2,0.006061115
1.41,-0.3,1.41,0,0,0,0.2,0.2,0.2,0.006060511
1.41,-0.3,1.41,0,0,0,0.2,0.2,0.2,0.006060702
1.41,-0.3,1.41,0,0,0,0.2,0.2,0.2,0.006061247
1.41,-0.3,1.41,0,0,0,0.2,0.2,0.2,0.006060462
1.41,-0.3,1.41,0,0,0,0.2,0.2,0.2,0.006061329
1.41,-0.3,1.41,0,0,0,0.2,0.2,0.2,0.006060122
1.41,-0.3,1.41,0,0,0,0.2,0.2,0.2,0.006060593
1.41,-0.3,1.41,0,0,0,0.2,0.2,0.2,0.00606115
1.41,-0.3,1.41,0,0,0,0.2,0.2,0.2,0.006060724
1.41,-0.3,1.41,0,0,0,0.2,0.2,0.2,0.006060085
1.41,-0.3,1.41,0,0,0,0.2,0.2,0.2,0.00606134
1.41,-0.3,1.41,0,0,0,0.2,0.2,0.2,0.00606019
1.41,-0.3,1.41,0,0,0,0.2,0.2,0.2,0.006061217
1.41,-0.3,1.41,0,0,0,0.2,0.2,0.2,0.006060227
1.41,-0.3,1.41,0,0,0,0.2,0.2,0.2,0.006060934
1.41,-0.3,1.41,0,0,0,0.2,0.2,0.2,0.006060874
1.41,-0.3,1.41,0,0,0,0.2,0.2,0.2,0.006060351
1.41,-0.3,1.41,0,0,0,0.2,0.2,0.2,0.006061328
1.41,-0.3,1.41,0,0,0,0.2,0.2,0.2,0.006060374
1.41,-0.3,1.41,0,0,0,0.2,0.2,0.2,0.00606042
1.41,-0.3,1.41,0,0,0,0.2,0.2,0.2,0.00606125
1.41,-0.3,1.41,0,0,0,0.2,0.2,0.2,0.006060302
1.41,-0.3,1.41,0,0,0,0.2,0.2,0.2,0.006060761
1.41,-0.3,1.41,0,0,0,0.2,0.2,0.2,0.006061161
1.41,-0.3,1.41,0,0,0,0.2,0.2,0.2,0.006060462
1.41,-0.3,1.41,0,0,0,0.2,0.2,0.2,0.006061068
1.41,-0.3,1.41,0,0,0,0.2,0.2,0.2,0.006060116
1.41,-0.3,1.41,0,0,0,0.2,0.2,0.2,0.006060818
1.41,-0.3,1.41,0,0,0,0.2,0.2,0.2,0.006061308
1.41,-0.3,1.41,0,0,0,0.2,0.2,0.2,0.006060168
1.41,-0.3,1.41,0,0,0,0.2,0.2,0.2,0.006060785
1.41,-0.3,1.41,0,0,0,0.2,0.2,0.2,0.006060871
1.41,-0.3,1.41,0,0,0,0.2,0.2,0.2,0.006060988
1.41,-0.3,1.41,0,0,0,0.2,0.2,0.2,0.006060731
1.41,-0.3,1.41,0,0,0,0.2,0.2,0.2,0.006060255
1.41,-0.3,1.41,0,0,0,0.2,0.2,0.2,0.006060784
1.41,-0.3,1.41,0,0,0,0.2,0.2,0.2,0.006061426
1.41,-0.3,1.41,0,0,0,0.2,0.2,0.2,0.006060294
1.41,-0.3,1.41,0,0,0,0.2,0.2,0.2,0.006061019
1.41,-0.3,1.41,0,0,0,0.2,0.2,0.2,0.006060241
1.41,-0.3,1.41,0,0,0,0.2,0.2,0.2,0.006060661
1.41,-0.3,1.41,0,0,0,0.2,0.2,0.2,0.006061262
1.41,-0.3,1.41,0,0,0,0.2,0.2,0.2,0.006060023
1.41,-0.3,1.41,0,0,0,0.2,0.2,0.2,0.006061023
1.41,-0.3,1.41,0,0,0,0.2,0.2,0.2,0.006060967
1.41,-0.3,1.41,0,0,0,0.2,0.2,0.2,0.006060658
1.41,-0.3,1.41,0,0,0,0.2,0.2,0.2,0.006060208
1.41,-0.3,1.41,0,0,0,0.2,0.2,0.2,0.006060814
1.41,-0.3,1.41,0,0,0,0.2,0.2,0.2,0.006061143
1.41,-0.3,1.41,0,0,0,0.2,0.2,0.2,0.006061007
1.41,-0.3,1.41,0,0,0,0.2,0.2,0.2,0.00606048
1.41,-0.3,1.41,0,0,0,0.2,0.2,0.2,0.006060465
1.41,-0.3,1.41,0,0,0,0.2,0.2,0.2,0.006061388
1.41,-0.3,1.41,0,0,0,0.2,0.2,0.2,0.006059945
1.41,-0.3,1.41,0,0,0,0.2,0.2,0.2,0.006061457
1.41,-0.3,1.41,0,0,0,0.2,0.2,0.2,0.006059809
1.41,-0.3,1.41,0,0,0,0.2,0.2,0.2,0.006060712
1.41,-0.3,1.41,0,0,0,0.2,0.2,0.2,0.006061253
1.41,-0.3,1.41,0,0,0,0.2,0.2,0.2,0.006060406
1.41,-0.3,1.41,0,0,0,0.2,0.2,0.2,0.006060541
1.41,-0.3,1.41,0,0,0,0.2,0.2,0.2,0.00606111
1.41,-0.3,1.41,0,0,0,0.2,0.2,0.2,0.006060465
1.41,-0.3,1.41,0,0,0,0.2,0.2,0.2,0.006061212
1.41,-0.3,1.41,0,0,0,0.2,0.2,0.2,0.006060499
1.41,-0.3,1.41,0,0,0,0.2,0.2,0.2,0.006060502
1.41,-0.3,1.41,0,0,0,0.2,0.2,0.2,0.006061048
1.41,-0.3,1.41,0,0,0,0.2,0.2,0.2,0.006060318
1.41,-0.3,1.41,0,0,0,0.2,0.2,0.2,0.006061338
1.41,-0.3,1.41,0,0,0,0.2,0.2,0.2,0.006060304
1.41,-0.3,1.41,0,0,0,0.2,0.2,0.2,0.006060729
1.41,-0.3,1.41,0,0,0,0.2,0.2,0.2,0.006061083
1.41,-0.3,1.41,0,0,0,0.2,0.2,0.2,0.006060432
1.41,-0.3,1.41,0,0,0,0.2,0.2,0.2,0.0060605
1.41,-0.3,1.41,0,0,0,0.2,0.2,0.2,0.00606149
1.41,-0.3,1.41,0,0,0,0.2,0.2,0.2,0.006059955
1.41,-0.3,1.41,0,0,0,0.2,0.2,0.2,0.006061314
1.41,-0.3,1.41,0,0,0,0.2,0.2,0.2,0.00606055
1.41,-0.3,1.41,0,0,0,0.2,0.2,0.2,0.006060365
1.41,-0.3,1.41,0,0,0,0.2,0.2,0.2,0.006061701
1.41,-0.3,1.41,0,0,0,0.2,0.2,0.2,0.006059949
1.41,-0.3,1.41,0,0,0,0.2,0.2,0.2,0.00606133
1.41,-0.3,1.41,0,0,0,0.2,0.2,0.2,0.00606031
1.41,-0.3,1.41,0,0,0,0.2,0.2,0.2,0.006060534
1.41,-0.3,1.41,0,0,0,0.2,0.2,0.2,0.006061006
1.41,-0.3,1.41,0,0,0,0.2,0.2,0.2,0.006060377
1.41,-0.3,1.41,0,0,0,0.2,0.2,0.2,0.006061044
1.41,-0.3,1.41,0,0,0,0.2,0.2,0.2,0.006060865
1.41,-0.3,1.41,0,0,0,0.2,0.2,0.2,0.006060313
1.41,-0.3,1.41,0,0,0,0.2,0.2,0.2,0.006061195
1.41,-0.3,1.41,0,0,0,0.2,0.2,0.2,0.006059977
1.41,-0.3,1.41,0,0,0,0.2,0.2,0.2,0.006061137
1.41,-0.3,1.41,0,0,0,0.2,0.2,0.2,0.006060995
1.41,-0.3,1.41,0,0,0,0.2,0.2,0.2,0.006060434
1.41,-0.3,1.41,0,0,0,0.2,0.2,0.2,0.006060507
1.41,-0.3,1.41,0,0,0,0.2,0.2,0.2,0.006061054
1.41,-0.3,1.41,0,0,0,0.2,0.2,0.2,0.006060321
1.41,-0.3,1.41,0,0,0,0.2,0.2,0.2,0.006061297
1.41,-0.3,1.41,0,0,0,0.2,0.2,0.2,0.006060417
1.41,-0.3,1.41,0,0,0,0.2,0.2,0.2,0.006060429
1.41,-0.3,1.41,0,0,0,0.2,0.2,0.2,0.006061185
1.41,-0.3,1.41,0,0,0,0.2,0.2,0.2,0.006060218
1.41,-0.3,1.41,0,0,0,0.2,0.2,0.2,0.006060733
1.41,-0.3,1.41,0,0,0,0.2,0.2,0.2,0.006060427
1.41,-0.3,1.41,0,0,0,0.2,0.2,0.2,0.006060879
1.41,-0.3,1.41,0,0,0,0.2,0.2,0.2,0.006061964
1.41,-0.3,1.41,0,0,0,0.2,0.2,0.2,0.006059705
1.41,-0.3,1.41,0,0,0,0.2,0.2,0.2,0.006060722
1.41,-0.3,1.41,0,0,0,0.2,0.2,0.2,0.006061327
1.41,-0.3,1.41,0,0,0,0.2,0.2,0.2,0.006060158
1.41,-0.3,1.41,0,0,0,0.2,0.2,0.2,0.006061525
1.41,-0.3,1.41,0,0,0,0.2,0.2,0.2,0.006059713
1.41,-0.3,1.41,0,0,0,0.2,0.2,0.2,0.006061052
1.41,-0.3,1.41,0,0,0,0.2,0.2,0.2,0.006061235
1.41,-0.3,1.41,0,0,0,0.2,0.2,0.2,0.006060301
1.41,-0.3,1.41,0,0,0,0.2,0.2,0.2,0.00606084
1.41,-0.3,1.41,0,0,0,0.2,0.2,0.2,0.006060631
1.41,-0.3,1.41,0,0,0,0.2,0.2,0.2,0.006060644
1.41,-0.3,1.41,0,0,0,0.2,0.2,0.2,0.006061166
1.41,-0.3,1.41,0,0,0,0.2,0.2,0.2,0.006060474
1.41,-0.3,1.41,0,0,0,0.2,0.2,0.2,0.006060642
1.41,-0.3,1.41,0,0,0,0.2,0.2,0.2,0.006061343
1.41,-0.3,1.41,0,0,0,0.2,0.2,0.2,0.006060325
1.41,-0.3,1.41,0,0,0,0.2,0.2,0.2,0.006061148
1.41,-0.3,1.41,0,0,0,0.2,0.2,0.2,0.006060061
1.41,-0.3,1.41,0,0,0,0.2,0.2,0.2,0.006060803
1.41,-0.3,1.41,0,0,0,0.2,0.2,0.2,0.00606112
1.41,-0.3,1.41,0,0,0,0.2,0.2,0.2,0.006060291
1.41,-0.3,1.41,0,0,0,0.2,0.2,0.2,0.006060715
1.41,-0.3,1.41,0,0,0,0.2,0.2,0.2,0.006061012
1.41,-0.3,1.41,0,0,0,0.2,0.2,0.2,0.006060615
1.41,-0.3,1.41,0,0,0,0.2,0.2,0.2,0.006061046
1.41,-0.3,1.41,0,0,0,0.2,0.2,0.2,0.006060304
1.41,-0.3,1.41,0,0,0,0.2,0.2,0.2,0.006060605
1.41,-0.3,1.41,0,0,0,0.2,0.2,0.2,0.006061209
1.41,-0.3,1.41,0,0,0,0.2,0.2,0.2,0.006060387
1.41,-0.3,1.41,0,0,0,0.2,0.2,0.2,0.006060472
1.41,-0.3,1.41,0,0,0,0.2,0.2,0.2,0.006061058
1.41,-0.3,1.41,0,0,0,0.2,0.2,0.2,0.006060373
1.41,-0.3,1.41,0,0,0,0.2,0.2,0.2,0.006061241
1.41,-0.3,1.41,0,0,0,0.2,0.2,0.2,0.006060506
1.41,-0.3,1.41,0,0,0,0.2,0.2,0.2,0.006060622
1.41,-0.3,1.41,0,0,0,0.2,0.2,0.2,0.006060532
1.41,-0.3,1.41,0,0,0,0.2,0.2,0.2,0.006061078
1.41,-0.3,1.41,0,0,0,0.2,0.2,0.2,0.006060426
1.41,-0.3,1.41,0,0,0,0.2,0.2,0.2,0.006060945
1.41,-0.3,1.41,0,0,0,0.2,0.2,0.2,0.006060765
1.41,-0.3,1.41,0,0,0,0.2,0.2,0.2,0.006061013
1.41,-0.3,1.41,0,0,0,0.2,0.2,0.2,0.006060429
1.41,-0.3,1.41,0,0,0,0.2,0.2,0.2,0.006060776
1.41,-0.3,1.41,0,0,0,0.2,0.2,0.2,0.006061338
1.41,-0.3,1.41,0,0,0,0.2,0.2,0.2,0.006059951
1.41,-0.3,1.41,0,0,0,0.2,0.2,0.2,0.006061654
1.41,-0.3,1.41,0,0,0,0.2,0.2,0.2,0.006060068
1.41,-0.3,1.41,0,0,0,0.2,0.2,0.2,0.006060808
1.41,-0.3,1.41,0,0,0,0.2,0.2,0.2,0.006061454
1.41,-0.3,1.41,0,0,0,0.2,0.2,0.2,0.006060501
1.41,-0.3,1.41,0,0,0,0.2,0.2,0.2,0.006061827
1.41,-0.3,1.41,0,0,0,0.2,0.2,0.2,0.006059665
1.41,-0.3,1.41,0,0,0,0.2,0.2,0.2,0.006060538
1.41,-0.3,1.41,0,0,0,0.2,0.2,0.2,0.006061564
1.41,-0.3,1.41,0,0,0,0.2,0.2,0.2,0.006060243
1.41,-0.3,1.41,0,0,0,0.2,0.2,0.2,0.006061122
1.41,-0.3,1.41,0,0,0,0.2,0.2,0.2,0.006060531
1.41,-0.3,1.41,0,0,0,0.2,0.2,0.2,0.006060512
1.41,-0.3,1.41,0,0,0,0.2,0.2,0.2,0.006061932
1.41,-0.3,1.41,0,0,0,0.2,0.2,0.2,0.006059562
1.41,-0.3,1.41,0,0,0,0.2,0.2,0.2,0.006060515
1.41,-0.3,1.41,0,0,0,0.2,0.2,0.2,0.006061076
1.41,-0.3,1.41,0,0,0,0.2,0.2,0.2,0.006060846
1.41,-0.3,1.41,0,0,0,0.2,0.2,0.2,0.006060946
1.41,-0.3,1.41,0,0,0,0.2,0.2,0.2,0.006060333
1.41,-0.3,1.41,0,0,0,0.2,0.2,0.2,0.006060688
1.41,-0.3,1.41,0,0,0,0.2,0.2,0.2,0.006060799
1.41,-0.3,1.41,0,0,0,0.2,0.2,0.2,0.006060544
1.41,-0.3,1.41,0,0,0,0.2,0.2,0.2,0.006061559
1.41,-0.3,1.41,0,0,0,0.2,0.2,0.2,0.006060707
1.41,-0.3,1.41,0,0,0,0.2,0.2,0.2,0.006059765
1.41,-0.3,1.41,0,0,0,0.2,0.2,0.2,0.006061441
1.41,-0.3,1.41,0,0,0,0.2,0.2,0.2,0.006060161
1.41,-0.3,1.41,0,0,0,0.2,0.2,0.2,0.006061472
1.41,-0.3,1.41,0,0,0,0.2,0.2,0.2,0.006060347
1.41,-0.3,1.41,0,0,0,0.2,0.2,0.2,0.006060502
1.41,-0.3,1.41,0,0,0,0.2,0.2,0.2,0.006061217
1.41,-0.3,1.41,0,0,0,0.2,0.2,0.2,0.006060566
1.41,-0.3,1.41,0,0,0,0.2,0.2,0.2,0.00606036
1.41,-0.3,1.41,0,0,0,0.2,0.2,0.2,0.00606113
1.41,-0.3,1.41,0,0,0,0.2,0.2,0.2,0.006060716
1.41,-0.3,1.41,0,0,0,0.2,0.2,0.2,0.006061366
1.41,-0.3,1.41,0,0,0,0.2,0.2,0.2,0.006060176
1.41,-0.3,1.41,0,0,0,0.2,0.2,0.2,0.006060624
1.41,-0.3,1.41,0,0,0,0.2,0.2,0.2,0.006061466
1.41,-0.3,1.41,0,0,0,0.2,0.2,0.2,0.006060372
1.41,-0.3,1.41,0,0,0,0.2,0.2,0.2,0.006061503
1.41,-0.3,1.41,0,0,0,0.2,0.2,0.2,0.006059981
1.41,-0.3,1.41,0,0,0,0.2,0.2,0.2,0.006061493
1.41,-0.3,1.41,0,0,0,0.2,0.2,0.2,0.006060758
1.41,-0.3,1.41,0,0,0,0.2,0.2,0.2,0.006060512
1.41,-0.3,1.41,0,0,0,0.2,0.2,0.2,0.006061598
1.41,-0.3,1.41,0,0,0,0.2,0.2,0.2,0.006059761
1.41,-0.3,1.41,0,0,0,0.2,0.2,0.2,0.006060814
1.41,-0.3,1.41,0,0,0,0.2,0.2,0.2,0.006061018
1.41,-0.3,1.41,0,0,0,0.2,0.2,0.2,0.006060191
1.41,-0.3,1.41,0,0,0,0.2,0.2,0.2,0.006061187
1.41,-0.3,1.41,0,0,0,0.2,0.2,0.2,0.006060045
1.41,-0.3,1.41,0,0,0,0.2,0.2,0.2,0.006060877
1.41,-0.3,1.41,0,0,0,0.2,0.2,0.2,0.006061139
1.41,-0.3,1.41,0,0,0,0.2,0.2,0.2,0.006060224
1.41,-0.3,1.41,0,0,0,0.2,0.2,0.2,0.006060804
1.41,-0.3,1.41,0,0,0,0.2,0.2,0.2,0.006060751
1.41,-0.3,1.41,0,0,0,0.2,0.2,0.2,0.006060615
1.41,-0.3,1.41,0,0,0,0.2,0.2,0.2,0.00606113
1.41,-0.3,1.41,0,0,0,0.2,0.2,0.2,0.006060254
1.41,-0.3,1.41,0,0,0,0.2,0.2,0.2,0.006060811
1.41,-0.3,1.41,0,0,0,0.2,0.2,0.2,0.00606116
1.41,-0.3,1.41,0,0,0,0.2,0.2,0.2,0.006060306
1.41,-0.3,1.41,0,0,0,0.2,0.2,0.2,0.006061303
1.41,-0.3,1.41,0,0,0,0.2,0.2,0.2,0.006060329
1.41,-0.3,1.41,0,0,0,0.2,0.2,0.2,0.006060675
1.41,-0.3,1.41,0,0,0,0.2,0.2,0.2,0.006060912
1.41,-0.3,1.41,0,0,0,0.2,0.2,0.2,0.006060491
1.41,-0.3,1.41,0,0,0,0.2,0.2,0.2,0.006060857
1.41,-0.3,1.41,0,0,0,0.2,0.2,0.2,0.00606102
1.41,-0.3,1.41,0,0,0,0.2,0.2,0.2,0.006060418
1.41,-0.3,1.41,0,0,0,0.2,0.2,0.2,0.006061193
1.41,-0.3,1.41,0,0,0,0.2,0.2,0.2,0.006060083
1.41,-0.3,1.41,0,0,0,0.2,0.2,0.2,0.006060925
1.41,-0.3,1.41,0,0,0,0.2,0.2,0.2,0.006061339
1.41,-0.3,1.41,0,0,0,0.2,0.2,0.2,0.006060069
1.41,-0.3,1.41,0,0,0,0.2,0.2,0.2,0.006060572
1.41,-0.3,1.41,0,0,0,0.2,0.2,0.2,0.006061195
1.41,-0.3,1.41,0,0,0,0.2,0.2,0.2,0.00606061
1.41,-0.3,1.41,0,0,0,0.2,0.2,0.2,0.0060606
1.41,-0.3,1.41,0,0,0,0.2,0.2,0.2,0.006060618
1.41,-0.3,1.41,0,0,0,0.2,0.2,0.2,0.006060731
1.41,-0.3,1.41,0,0,0,0.2,0.2,0.2,0.006061248
1.41,-0.3,1.41,0,0,0,0.2,0.2,0.2,0.006060263
1.41,-0.3,1.41,0,0,0,0.2,0.2,0.2,0.006061425
1.41,-0.3,1.41,0,0,0,0.2,0.2,0.2,0.006060487
1.41,-0.3,1.41,0,0,0,0.2,0.2,0.2,0.006060335
1.41,-0.3,1.41,0,0,0,0.2,0.2,0.2,0.006061575
1.41,-0.3,1.41,0,0,0,0.2,0.2,0.2,0.006059966
1.41,-0.3,1.41,0,0,0,0.2,0.2,0.2,0.006060637
1.41,-0.3,1.41,0,0,0,0.2,0.2,0.2,0.006061105
1.41,-0.3,1.41,0,0,0,0.2,0.2,0.2,0.006060237
1.41,-0.3,1.41,0,0,0,0.2,0.2,0.2,0.006061223
1.41,-0.3,1.41,0,0,0,0.2,0.2,0.2,0.006060216
1.41,-0.3,1.41,0,0,0,0.2,0.2,0.2,0.006060578
1.41,-0.3,1.41,0,0,0,0.2,0.2,0.2,0.00606161
1.41,-0.3,1.41,0,0,0,0.2,0.2,0.2,0.006060092
1.41,-0.3,1.41,0,0,0,0.2,0.2,0.2,0.006060798
1.41,-0.3,1.41,0,0,0,0.2,0.2,0.2,0.006060657
1.41,-0.3,1.41,0,0,0,0.2,0.2,0.2,0.006060639
1.41,-0.3,1.41,0,0,0,0.2,0.2,0.2,0.006061436
1.41,-0.3,1.41,0,0,0,0.2,0.2,0.2,0.0060602
1.41,-0.3,1.41,0,0,0,0.2,0.2,0.2,0.006060402
1.41,-0.3,1.41,0,0,0,0.2,0.2,0.2,0.006061275
1.41,-0.3,1.41,0,0,0,0.2,0.2,0.2,0.006060747
1.41,-0.3,1.41,0,0,0,0.2,0.2,0.2,0.006061248
1.41,-0.3,1.41,0,0,0,0.2,0.2,0.2,0.006060382
1.41,-0.3,1.41,0,0,0,0.2,0.2,0.2,0.006060458
1.41,-0.3,1.41,0,0,0,0.2,0.2,0.2,0.006061618
1.41,-0.3,1.41,0,0,0,0.2,0.2,0.2,0.006060578
1.41,-0.3,1.41,0,0,0,0.2,0.2,0.2,0.006061229
1.41,-0.3,1.41,0,0,0,0.2,0.2,0.2,0.00606023
1.41,-0.3,1.41,0,0,0,0.2,0.2,0.2,0.006060521
1.41,-0.3,1.41,0,0,0,0.2,0.2,0.2,0.006061811
1.41,-0.3,1.41,0,0,0,0.2,0.2,0.2,0.006059675
1.41,-0.3,1.41,0,0,0,0.2,0.2,0.2,0.006061296
1.41,-0.3,1.41,0,0,0,0.2,0.2,0.2,0.00606364
1.41,-0.3,1.41,0,0,0,0.2,0.2,0.2,0.006059949
1.41,-0.3,1.41,0,0,0,0.2,0.2,0.2,0.006060707
1.41,-0.3,1.41,0,0,0,0.2,0.2,0.2,0.006061466
1.41,-0.3,1.41,0,0,0,0.2,0.2,0.2,0.00606022
1.41,-0.3,1.41,0,0,0,0.2,0.2,0.2,0.006061111
1.41,-0.3,1.41,0,0,0,0.2,0.2,0.2,0.006060323
1.41,-0.3,1.41,0,0,0,0.2,0.2,0.2,0.006060633
1.41,-0.3,1.41,0,0,0,0.2,0.2,0.2,0.006061179
1.41,-0.3,1.41,0,0,0,0.2,0.2,0.2,0.006060562
1.41,-0.3,1.41,0,0,0,0.2,0.2,0.2,0.006061295
1.41,-0.3,1.41,0,0,0,0.2,0.2,0.2,0.006060486
1.41,-0.3,1.41,0,0,0,0.2,0.2,0.2,0.00606027
1.41,-0.3,1.41,0,0,0,0.2,0.2,0.2,0.006061154
1.41,-0.3,1.41,0,0,0,0.2,0.2,0.2,0.006060304
1.41,-0.3,1.41,0,0,0,0.2,0.2,0.2,0.006061732
1.41,-0.3,1.41,0,0,0,0.2,0.2,0.2,0.006060488
1.41,-0.3,1.41,0,0,0,0.2,0.2,0.2,0.006060407
1.41,-0.3,1.41,0,0,0,0.2,0.2,0.2,0.006061284
1.41,-0.3,1.41,0,0,0,0.2,0.2,0.2,0.006060205
1.41,-0.3,1.41,0,0,0,0.2,0.2,0.2,0.006060747
1.41,-0.3,1.41,0,0,0,0.2,0.2,0.2,0.006061274
1.41,-0.3,1.41,0,0,0,0.2,0.2,0.2,0.006059996
1.41,-0.3,1.41,0,0,0,0.2,0.2,0.2,0.006061401
1.41,-0.3,1.41,0,0,0,0.2,0.2,0.2,0.006060225
1.41,-0.3,1.41,0,0,0,0.2,0.2,0.2,0.006060755
1.41,-0.3,1.41,0,0,0,0.2,0.2,0.2,0.006061118
1.41,-0.3,1.41,0,0,0,0.2,0.2,0.2,0.00606025
1.41,-0.3,1.41,0,0,0,0.2,0.2,0.2,0.006061468
1.41,-0.3,1.41,0,0,0,0.2,0.2,0.2,0.006059911
1.41,-0.3,1.41,0,0,0,0.2,0.2,0.2,0.006061172
1.41,-0.3,1.41,0,0,0,0.2,0.2,0.2,0.006060956
1.41,-0.3,1.41,0,0,0,0.2,0.2,0.2,0.006060293
1.41,-0.3,1.41,0,0,0,0.2,0.2,0.2,0.006060702
1.41,-0.3,1.41,0,0,0,0.2,0.2,0.2,0.006061161
1.41,-0.3,1.41,0,0,0,0.2,0.2,0.2,0.006060327
1.41,-0.3,1.41,0,0,0,0.2,0.2,0.2,0.006061218
1.41,-0.3,1.41,0,0,0,0.2,0.2,0.2,0.006060602
1.41,-0.3,1.41,0,0,0,0.2,0.2,0.2,0.006060487
1.41,-0.3,1.41,0,0,0,0.2,0.2,0.2,0.006061393
1.41,-0.3,1.41,0,0,0,0.2,0.2,0.2,0.006060131
1.41,-0.3,1.41,0,0,0,0.2,0.2,0.2,0.006060638
1.41,-0.3,1.41,0,0,0,0.2,0.2,0.2,0.006060952
1.41,-0.3,1.41,0,0,0,0.2,0.2,0.2,0.006060939
1.41,-0.3,1.41,0,0,0,0.2,0.2,0.2,0.006060778
1.41,-0.3,1.41,0,0,0,0.2,0.2,0.2,0.006060484
1.41,-0.3,1.41,0,0,0,0.2,0.2,0.2,0.006060678
1.41,-0.3,1.41,0,0,0,0.2,0.2,0.2,0.006061163
1.41,-0.3,1.41,0,0,0,0.2,0.2,0.2,0.006060314
1.41,-0.3,1.41,0,0,0,0.2,0.2,0.2,0.006061144
1.41,-0.3,1.41,0,0,0,0.2,0.2,0.2,0.006060196
1.41,-0.3,1.41,0,0,0,0.2,0.2,0.2,0.006060831
1.41,-0.3,1.41,0,0,0,0.2,0.2,0.2,0.006060956
1.41,-0.3,1.41,0,0,0,0.2,0.2,0.2,0.006060678
1.41,-0.3,1.41,0,0,0,0.2,0.2,0.2,0.006145054
1.41,-0.3,1.41,0,0,0,0.2,0.2,0.2,0.006060543
1.41,-0.3,1.41,0,0,0,0.2,0.2,0.2,0.006060836
1.41,-0.3,1.41,0,0,0,0.2,0.2,0.2,0.0060607
1.41,-0.3,1.41,0,0,0,0.2,0.2,0.2,0.006061204
1.41,-0.3,1.41,0,0,0,0.2,0.2,0.2,0.006064379
1.41,-0.3,1.41,0,0,0,0.2,0.2,0.2,0.006060228
1.41,-0.3,1.41,0,0,0,0.2,0.2,0.2,0.00606144
1.41,-0.3,1.41,0,0,0,0.2,0.2,0.2,0.006060268
1.41,-0.3,1.41,0,0,0,0.2,0.2,0.2,0.006061333
1.41,-0.3,1.41,0,0,0,0.2,0.2,0.2,0.006060139
1.41,-0.3,1.41,0,0,0,0.2,0.2,0.2,0.006060645
1.41,-0.3,1.41,0,0,0,0.2,0.2,0.2,0.006061184
1.41,-0.3,1.41,0,0,0,0.2,0.2,0.2,0.006060277
1.41,-0.3,1.41,0,0,0,0.2,0.2,0.2,0.006060602
1.41,-0.3,1.41,0,0,0,0.2,0.2,0.2,0.006061301
1.41,-0.3,1.41,0,0,0,0.2,0.2,0.2,0.006060434
1.41,-0.3,1.41,0,0,0,0.2,0.2,0.2,0.006060933
1.41,-0.3,1.41,0,0,0,0.2,0.2,0.2,0.00606051
1.41,-0.3,1.41,0,0,0,0.2,0.2,0.2,0.00606034
1.41,-0.3,1.41,0,0,0,0.2,0.2,0.2,0.006061348
1.41,-0.3,1.41,0,0,0,0.2,0.2,0.2,0.006060147
1.41,-0.3,1.41,0,0,0,0.2,0.2,0.2,0.006060733
1.41,-0.3,1.41,0,0,0,0.2,0.2,0.2,0.006061079
1.41,-0.3,1.41,0,0,0,0.2,0.2,0.2,0.006060395
1.41,-0.3,1.41,0,0,0,0.2,0.2,0.2,0.006061228
1.41,-0.3,1.41,0,0,0,0.2,0.2,0.2,0.006060077
1.41,-0.3,1.41,0,0,0,0.2,0.2,0.2,0.006060875
1.41,-0.3,1.41,0,0,0,0.2,0.2,0.2,0.006061259
1.41,-0.3,1.41,0,0,0,0.2,0.2,0.2,0.006060072
1.41,-0.3,1.41,0,0,0,0.2,0.2,0.2,0.006060766
1.41,-0.3,1.41,0,0,0,0.2,0.2,0.2,0.00606092
1.41,-0.3,1.41,0,0,0,0.2,0.2,0.2,0.006060488
1.41,-0.3,1.41,0,0,0,0.2,0.2,0.2,0.006061413
1.41,-0.3,1.41,0,0,0,0.2,0.2,0.2,0.006060114
1.41,-0.3,1.41,0,0,0,0.2,0.2,0.2,0.00606072
1.41,-0.3,1.41,0,0,0,0.2,0.2,0.2,0.006061103
1.41,-0.3,1.41,0,0,0,0.2,0.2,0.2,0.006060152
1.41,-0.3,1.41,0,0,0,0.2,0.2,0.2,0.006061537
1.41,-0.3,1.41,0,0,0,0.2,0.2,0.2,0.006059956
1.41,-0.3,1.41,0,0,0,0.2,0.2,0.2,0.006060916
1.41,-0.3,1.41,0,0,0,0.2,0.2,0.2,0.006060847
1.41,-0.3,1.41,0,0,0,0.2,0.2,0.2,0.006060568
1.41,-0.3,1.41,0,0,0,0.2,0.2,0.2,0.00606087
1.41,-0.3,1.41,0,0,0,0.2,0.2,0.2,0.006061227
1.41,-0.3,1.41,0,0,0,0.2,0.2,0.2,0.006059826
1.41,-0.3,1.41,0,0,0,0.2,0.2,0.2,0.006060731
1.41,-0.3,1.41,0,0,0,0.2,0.2,0.2,0.006061079
1.41,-0.3,1.41,0,0,0,0.2,0.2,0.2,0.006060619
1.41,-0.3,1.41,0,0,0,0.2,0.2,0.2,0.006061019
1.41,-0.3,1.41,0,0,0,0.2,0.2,0.2,0.006060268
1.41,-0.3,1.41,0,0,0,0.2,0.2,0.2,0.006060827
1.41,-0.3,1.41,0,0,0,0.2,0.2,0.2,0.006061367
1.41,-0.3,1.41,0,0,0,0.2,0.2,0.2,0.006059968
1.41,-0.3,1.41,0,0,0,0.2,0.2,0.2,0.006061301
1.41,-0.3,1.41,0,0,0,0.2,0.2,0.2,0.006060114
1.41,-0.3,1.41,0,0,0,0.2,0.2,0.2,0.006060707
1.41,-0.3,1.41,0,0,0,0.2,0.2,0.2,0.006061353
1.41,-0.3,1.41,0,0,0,0.2,0.2,0.2,0.006060349
1.41,-0.3,1.41,0,0,0,0.2,0.2,0.2,0.006060483
1.41,-0.3,1.41,0,0,0,0.2,0.2,0.2,0.006060986
1.41,-0.3,1.41,0,0,0,0.2,0.2,0.2,0.006060459
1.41,-0.3,1.41,0,0,0,0.2,0.2,0.2,0.00606113
1.41,-0.3,1.41,0,0,0,0.2,0.2,0.2,0.006060314
1.41,-0.3,1.41,0,0,0,0.2,0.2,0.2,0.006060507
1.41,-0.3,1.41,0,0,0,0.2,0.2,0.2,0.006061802
1.41,-0.3,1.41,0,0,0,0.2,0.2,0.2,0.006060011
1.41,-0.3,1.41,0,0,0,0.2,0.2,0.2,0.006061161
1.41,-0.3,1.41,0,0,0,0.2,0.2,0.2,0.006060277
1.41,-0.3,1.41,0,0,0,0.2,0.2,0.2,0.006060551
1.41,-0.3,1.41,0,0,0,0.2,0.2,0.2,0.006061713
1.41,-0.3,1.41,0,0,0,0.2,0.2,0.2,0.006060125
1.41,-0.3,1.41,0,0,0,0.2,0.2,0.2,0.006060408
1.41,-0.3,1.41,0,0,0,0.2,0.2,0.2,0.006061666
1.41,-0.3,1.41,0,0,0,0.2,0.2,0.2,0.006059925
1.41,-0.3,1.41,0,0,0,0.2,0.2,0.2,0.006061136
1.41,-0.3,1.41,0,0,0,0.2,0.2,0.2,0.006060489
1.41,-0.3,1.41,0,0,0,0.2,0.2,0.2,0.00606057
1.41,-0.3,1.41,0,0,0,0.2,0.2,0.2,0.006061432
1.41,-0.3,1.41,0,0,0,0.2,0.2,0.2,0.006059833
1.41,-0.3,1.41,0,0,0,0.2,0.2,0.2,0.006061008
1.41,-0.3,1.41,0,0,0,0.2,0.2,0.2,0.006060976
1.41,-0.3,1.41,0,0,0,0.2,0.2,0.2,0.006067335
1.41,-0.3,1.41,0,0,0,0.2,0.2,0.2,0.006060473
1.41,-0.3,1.41,0,0,0,0.2,0.2,0.2,0.006061377
1.41,-0.3,1.41,0,0,0,0.2,0.2,0.2,0.006060559
1.41,-0.3,1.41,0,0,0,0.2,0.2,0.2,0.006060337
1.41,-0.3,1.41,0,0,0,0.2,0.2,0.2,0.006061174
1.41,-0.3,1.41,0,0,0,0.2,0.2,0.2,0.006060257
1.41,-0.3,1.41,0,0,0,0.2,0.2,0.2,0.006060942
1.41,-0.3,1.41,0,0,0,0.2,0.2,0.2,0.006060361
1.41,-0.3,1.41,0,0,0,0.2,0.2,0.2,0.006061745
1.41,-0.3,1.41,0,0,0,0.2,0.2,0.2,0.006060043
1.41,-0.3,1.41,0,0,0,0.2,0.2,0.2,0.006060676
1.41,-0.3,1.41,0,0,0,0.2,0.2,0.2,0.00606099
1.41,-0.3,1.41,0,0,0,0.2,0.2,0.2,0.00606037
1.41,-0.3,1.41,0,0,0,0.2,0.2,0.2,0.00606081
1.41,-0.3,1.41,0,0,0,0.2,0.2,0.2,0.006061336
1.41,-0.3,1.41,0,0,0,0.2,0.2,0.2,0.006060398
1.41,-0.3,1.41,0,0,0,0.2,0.2,0.2,0.006060255
1.41,-0.3,1.41,0,0,0,0.2,0.2,0.2,0.00606097
1.41,-0.3,1.41,0,0,0,0.2,0.2,0.2,0.006060632
1.41,-0.3,1.41,0,0,0,0.2,0.2,0.2,0.006061154
1.41,-0.3,1.41,0,0,0,0.2,0.2,0.2,0.006060504
1.41,-0.3,1.41,0,0,0,0.2,0.2,0.2,0.006060739
1.41,-0.3,1.41,0,0,0,0.2,0.2,0.2,0.006060609
1.41,-0.3,1.41,0,0,0,0.2,0.2,0.2,0.006061134
1.41,-0.3,1.41,0,0,0,0.2,0.2,0.2,0.006060058
1.41,-0.3,1.41,0,0,0,0.2,0.2,0.2,0.006060883
1.41,-0.3,1.41,0,0,0,0.2,0.2,0.2,0.006061097
1.41,-0.3,1.41,0,0,0,0.2,0.2,0.2,0.006061142
1.41,-0.3,1.41,0,0,0,0.2,0.2,0.2,0.006059894
1.41,-0.3,1.41,0,0,0,0.2,0.2,0.2,0.006062397
1.41,-0.3,1.41,0,0,0,0.2,0.2,0.2,0.006059749
1.41,-0.3,1.41,0,0,0,0.2,0.2,0.2,0.006060322
1.41,-0.3,1.41,0,0,0,0.2,0.2,0.2,0.006061001
1.41,-0.3,1.41,0,0,0,0.2,0.2,0.2,0.00606023
1.41,-0.3,1.41,0,0,0,0.2,0.2,0.2,0.006060654
1.41,-0.3,1.41,0,0,0,0.2,0.2,0.2,0.006060845
1.41,-0.3,1.41,0,0,0,0.2,0.2,0.2,0.006060922
1.41,-0.3,1.41,0,0,0,0.2,0.2,0.2,0.006061197
1.41,-0.3,1.41,0,0,0,0.2,0.2,0.2,0.006060217
1.41,-0.3,1.41,0,0,0,0.2,0.2,0.2,0.006060708
1.41,-0.3,1.41,0,0,0,0.2,0.2,0.2,0.006061074
1.41,-0.3,1.41,0,0,0,0.2,0.2,0.2,0.006060293
1.41,-0.3,1.41,0,0,0,0.2,0.2,0.2,0.006060682
1.41,-0.3,1.41,0,0,0,0.2,0.2,0.2,0.006061673
1.41,-0.3,1.41,0,0,0,0.2,0.2,0.2,0.006060313
1.41,-0.3,1.41,0,0,0,0.2,0.2,0.2,0.006061413
1.41,-0.3,1.41,0,0,0,0.2,0.2,0.2,0.00606045
1.41,-0.3,1.41,0,0,0,0.2,0.2,0.2,0.006060202
1.41,-0.3,1.41,0,0,0,0.2,0.2,0.2,0.006061441
1.41,-0.3,1.41,0,0,0,0.2,0.2,0.2,0.006060197
1.41,-0.3,1.41,0,0,0,0.2,0.2,0.2,0.006060723
1.41,-0.3,1.41,0,0,0,0.2,0.2,0.2,0.006061142
1.41,-0.3,1.41,0,0,0,0.2,0.2,0.2,0.006060447
1.41,-0.3,1.41,0,0,0,0.2,0.2,0.2,0.006061327
1.41,-0.3,1.41,0,0,0,0.2,0.2,0.2,0.006060252
1.41,-0.3,1.41,0,0,0,0.2,0.2,0.2,0.006060242
1.41,-0.3,1.41,0,0,0,0.2,0.2,0.2,0.006061395
1.41,-0.3,1.41,0,0,0,0.2,0.2,0.2,0.006060202
1.41,-0.3,1.41,0,0,0,0.2,0.2,0.2,0.00606133
1.41,-0.3,1.41,0,0,0,0.2,0.2,0.2,0.006060602
1.41,-0.3,1.41,0,0,0,0.2,0.2,0.2,0.006060509
1.41,-0.3,1.41,0,0,0,0.2,0.2,0.2,0.006060942
1.41,-0.3,1.41,0,0,0,0.2,0.2,0.2,0.006060536
1.41,-0.3,1.41,0,0,0,0.2,0.2,0.2,0.006061643
1.41,-0.3,1.41,0,0,0,0.2,0.2,0.2,0.006060115
1.41,-0.3,1.41,0,0,0,0.2,0.2,0.2,0.006060622
1.41,-0.3,1.41,0,0,0,0.2,0.2,0.2,0.006061122
1.41,-0.3,1.41,0,0,0,0.2,0.2,0.2,0.006060426
1.41,-0.3,1.41,0,0,0,0.2,0.2,0.2,0.006061359
1.41,-0.3,1.41,0,0,0,0.2,0.2,0.2,0.006060734
1.41,-0.3,1.41,0,0,0,0.2,0.2,0.2,0.006060185
1.41,-0.3,1.41,0,0,0,0.2,0.2,0.2,0.006061008
1.41,-0.3,1.41,0,0,0,0.2,0.2,0.2,0.00606053
1.41,-0.3,1.41,0,0,0,0.2,0.2,0.2,0.006061399
1.41,-0.3,1.41,0,0,0,0.2,0.2,0.2,0.006060222
1.41,-0.3,1.41,0,0,0,0.2,0.2,0.2,0.006060387
1.41,-0.3,1.41,0,0,0,0.2,0.2,0.2,0.006061185
1.41,-0.3,1.41,0,0,0,0.2,0.2,0.2,0.006060288
1.41,-0.3,1.41,0,0,0,0.2,0.2,0.2,0.00606091
1.41,-0.3,1.41,0,0,0,0.2,0.2,0.2,0.006061392
1.41,-0.3,1.41,0,0,0,0.2,0.2,0.2,0.006059758
1.41,-0.3,1.41,0,0,0,0.2,0.2,0.2,0.006061668
1.41,-0.3,1.41,0,0,0,0.2,0.2,0.2,0.006059999
1.41,-0.3,1.41,0,0,0,0.2,0.2,0.2,0.006061056
1.41,-0.3,1.41,0,0,0,0.2,0.2,0.2,0.006061089
1.41,-0.3,1.41,0,0,0,0.2,0.2,0.2,0.006060014
1.41,-0.3,1.41,0,0,0,0.2,0.2,0.2,0.006061542
1.41,-0.3,1.41,0,0,0,0.2,0.2,0.2,0.006060087
1.41,-0.3,1.41,0,0,0,0.2,0.2,0.2,0.006061055
1.41,-0.3,1.41,0,0,0,0.2,0.2,0.2,0.006061266
1.41,-0.3,1.41,0,0,0,0.2,0.2,0.2,0.006060082
1.41,-0.3,1.41,0,0,0,0.2,0.2,0.2,0.006060749
1.41,-0.3,1.41,0,0,0,0.2,0.2,0.2,0.006061228
1.41,-0.3,1.41,0,0,0,0.2,0.2,0.2,0.006060211
1.41,-0.3,1.41,0,0,0,0.2,0.2,0.2,0.006061003
1.41,-0.3,1.41,0,0,0,0.2,0.2,0.2,0.006060567
1.41,-0.3,1.41,0,0,0,0.2,0.2,0.2,0.00606062
1.41,-0.3,1.41,0,0,0,0.2,0.2,0.2,0.006061127
1.41,-0.3,1.41,0,0,0,0.2,0.2,0.2,0.006060319
1.41,-0.3,1.41,0,0,0,0.2,0.2,0.2,0.006060493
1.41,-0.3,1.41,0,0,0,0.2,0.2,0.2,0.006061072
1.41,-0.3,1.41,0,0,0,0.2,0.2,0.2,0.006060425
1.41,-0.3,1.41,0,0,0,0.2,0.2,0.2,0.006061395
1.41,-0.3,1.41,0,0,0,0.2,0.2,0.2,0.006060031
1.41,-0.3,1.41,0,0,0,0.2,0.2,0.2,0.006060629
1.41,-0.3,1.41,0,0,0,0.2,0.2,0.2,0.006061228
1.41,-0.3,1.41,0,0,0,0.2,0.2,0.2,0.006060193
1.41,-0.3,1.41,0,0,0,0.2,0.2,0.2,0.006060858
1.41,-0.3,1.41,0,0,0,0.2,0.2,0.2,0.006060644
1.41,-0.3,1.41,0,0,0,0.2,0.2,0.2,0.006061197
1.41,-0.3,1.41,0,0,0,0.2,0.2,0.2,0.006060831
1.41,-0.3,1.41,0,0,0,0.2,0.2,0.2,0.006060191
1.41,-0.3,1.41,0,0,0,0.2,0.2,0.2,0.006061642
1.41,-0.3,1.41,0,0,0,0.2,0.2,0.2,0.006060192
1.41,-0.3,1.41,0,0,0,0.2,0.2,0.2,0.006060767
1.41,-0.3,1.41,0,0,0,0.2,0.2,0.2,0.006061305
1.41,-0.3,1.41,0,0,0,0.2,0.2,0.2,0.006060203
1.41,-0.3,1.41,0,0,0,0.2,0.2,0.2,0.006060767
1.41,-0.3,1.41,0,0,0,0.2,0.2,0.2,0.006060964
1.41,-0.3,1.41,0,0,0,0.2,0.2,0.2,0.00606052
1.41,-0.3,1.41,0,0,0,0.2,0.2,0.2,0.006061213
1.41,-0.3,1.41,0,0,0,0.2,0.2,0.2,0.006060627
1.41,-0.3,1.41,0,0,0,0.2,0.2,0.2,0.006060291
1.41,-0.3,1.41,0,0,0,0.2,0.2,0.2,0.006060953
1.41,-0.3,1.41,0,0,0,0.2,0.2,0.2,0.006060448
1.41,-0.3,1.41,0,0,0,0.2,0.2,0.2,0.006060776
1.41,-0.3,1.41,0,0,0,0.2,0.2,0.2,0.006060698
1.41,-0.3,1.41,0,0,0,0.2,0.2,0.2,0.006060842
1.41,-0.3,1.41,0,0,0,0.2,0.2,0.2,0.006061193
1.41,-0.3,1.41,0,0,0,0.2,0.2,0.2,0.006060214
1.41,-0.3,1.41,0,0,0,0.2,0.2,0.2,0.006060751
1.41,-0.3,1.41,0,0,0,0.2,0.2,0.2,0.006061807
1.41,-0.3,1.41,0,0,0,0.2,0.2,0.2,0.006060146
1.41,-0.3,1.41,0,0,0,0.2,0.2,0.2,0.006060743
1.41,-0.3,1.41,0,0,0,0.2,0.2,0.2,0.006060345
1.41,-0.3,1.41,0,0,0,0.2,0.2,0.2,0.006060594
1.41,-0.3,1.41,0,0,0,0.2,0.2,0.2,0.00606151
1.41,-0.3,1.41,0,0,0,0.2,0.2,0.2,0.006059951
1.41,-0.3,1.41,0,0,0,0.2,0.2,0.2,0.006060619
1.41,-0.3,1.41,0,0,0,0.2,0.2,0.2,0.006061232
1.41,-0.3,1.41,0,0,0,0.2,0.2,0.2,0.006060448
1.41,-0.3,1.41,0,0,0,0.2,0.2,0.2,0.006061091
1.41,-0.3,1.41,0,0,0,0.2,0.2,0.2,0.006060431
1.41,-0.3,1.41,0,0,0,0.2,0.2,0.2,0.006060432
1.41,-0.3,1.41,0,0,0,0.2,0.2,0.2,0.006061568
1.41,-0.3,1.41,0,0,0,0.2,0.2,0.2,0.006060008
1.41,-0.3,1.41,0,0,0,0.2,0.2,0.2,0.006060596
1.41,-0.3,1.41,0,0,0,0.2,0.2,0.2,0.006061377
1.41,-0.3,1.41,0,0,0,0.2,0.2,0.2,0.006060493
1.41,-0.3,1.41,0,0,0,0.2,0.2,0.2,0.006061249
1.41,-0.3,1.41,0,0,0,0.2,0.2,0.2,0.00606019
1.41,-0.3,1.41,0,0,0,0.2,0.2,0.2,0.006060524
1.41,-0.3,1.41,0,0,0,0.2,0.2,0.2,0.006061116
1.41,-0.3,1.41,0,0,0,0.2,0.2,0.2,0.006060689
1.41,-0.3,1.41,0,0,0,0.2,0.2,0.2,0.006061676
1.41,-0.3,1.41,0,0,0,0.2,0.2,0.2,0.006059799
1.41,-0.3,1.41,0,0,0,0.2,0.2,0.2,0.006061113
1.41,-0.3,1.41,0,0,0,0.2,0.2,0.2,0.006060564
1.41,-0.3,1.41,0,0,0,0.2,0.2,0.2,0.00606026
1.41,-0.3,1.41,0,0,0,0.2,0.2,0.2,0.006061434
1.41,-0.3,1.41,0,0,0,0.2,0.2,0.2,0.006060123
1.41,-0.3,1.41,0,0,0,0.2,0.2,0.2,0.006060785
1.41,-0.3,1.41,0,0,0,0.2,0.2,0.2,0.006061388
1.41,-0.3,1.41,0,0,0,0.2,0.2,0.2,0.006060027
1.41,-0.3,1.41,0,0,0,0.2,0.2,0.2,0.006060686
1.41,-0.3,1.41,0,0,0,0.2,0.2,0.2,0.006061142
1.41,-0.3,1.41,0,0,0,0.2,0.2,0.2,0.006060624
1.41,-0.3,1.41,0,0,0,0.2,0.2,0.2,0.006061046
1.41,-0.3,1.41,0,0,0,0.2,0.2,0.2,0.00606045
1.41,-0.3,1.41,0,0,0,0.2,0.2,0.2,0.006060555
1.41,-0.3,1.41,0,0,0,0.2,0.2,0.2,0.006061356
1.41,-0.3,1.41,0,0,0,0.2,0.2,0.2,0.006059945
1.41,-0.3,1.41,0,0,0,0.2,0.2,0.2,0.006061405
1.41,-0.3,1.41,0,0,0,0.2,0.2,0.2,0.006060938
1.41,-0.3,1.41,0,0,0,0.2,0.2,0.2,0.006059932
1.41,-0.3,1.41,0,0,0,0.2,0.2,0.2,0.006061839
1.41,-0.3,1.41,0,0,0,0.2,0.2,0.2,0.006059552
1.41,-0.3,1.41,0,0,0,0.2,0.2,0.2,0.006061808
1.41,-0.3,1.41,0,0,0,0.2,0.2,0.2,0.006060548
1.41,-0.3,1.41,0,0,0,0.2,0.2,0.2,0.006060397
1.41,-0.3,1.41,0,0,0,0.2,0.2,0.2,0.006061459
1.41,-0.3,1.41,0,0,0,0.2,0.2,0.2,0.006059881
1.41,-0.3,1.41,0,0,0,0.2,0.2,0.2,0.00606088
1.41,-0.3,1.41,0,0,0,0.2,0.2,0.2,0.00606127
1.41,-0.3,1.41,0,0,0,0.2,0.2,0.2,0.006060573
1.41,-0.3,1.41,0,0,0,0.2,0.2,0.2,0.006061781
1.41,-0.3,1.41,0,0,0,0.2,0.2,0.2,0.006059443
1.41,-0.3,1.41,0,0,0,0.2,0.2,0.2,0.006060843
1.41,-0.3,1.41,0,0,0,0.2,0.2,0.2,0.006061098
1.41,-0.3,1.41,0,0,0,0.2,0.2,0.2,0.006060333
1.41,-0.3,1.41,0,0,0,0.2,0.2,0.2,0.006061103
1.41,-0.3,1.41,0,0,0,0.2,0.2,0.2,0.00606012
1.41,-0.3,1.41,0,0,0,0.2,0.2,0.2,0.006060931
1.41,-0.3,1.41,0,0,0,0.2,0.2,0.2,0.006061267
1.41,-0.3,1.41,0,0,0,0.2,0.2,0.2,0.006060132
1.41,-0.3,1.41,0,0,0,0.2,0.2,0.2,0.006060709
1.41,-0.3,1.41,0,0,0,0.2,0.2,0.2,0.006061176
1.41,-0.3,1.41,0,0,0,0.2,0.2,0.2,0.006060227
1.41,-0.3,1.41,0,0,0,0.2,0.2,0.2,0.006061193
1.41,-0.3,1.41,0,0,0,0.2,0.2,0.2,0.006060304
1.41,-0.3,1.41,0,0,0,0.2,0.2,0.2,0.006060855
1.41,-0.3,1.41,0,0,0,0.2,0.2,0.2,0.006060964
1.41,-0.3,1.41,0,0,0,0.2,0.2,0.2,0.006060557
1.41,-0.3,1.41,0,0,0,0.2,0.2,0.2,0.006061315
1.41,-0.3,1.41,0,0,0,0.2,0.2,0.2,0.006060002
1.41,-0.3,1.41,0,0,0,0.2,0.2,0.2,0.006060763
1.41,-0.3,1.41,0,0,0,0.2,0.2,0.2,0.006061131
1.41,-0.3,1.41,0,0,0,0.2,0.2,0.2,0.006060195
1.41,-0.3,1.41,0,0,0,0.2,0.2,0.2,0.006060832
1.41,-0.3,1.41,0,0,0,0.2,0.2,0.2,0.006061024
1.41,-0.3,1.41,0,0,0,0.2,0.2,0.2,0.006060497
1.41,-0.3,1.41,0,0,0,0.2,0.2,0.2,0.006061341
1.41,-0.3,1.41,0,0,0,0.2,0.2,0.2,0.006060294
1.41,-0.3,1.41,0,0,0,0.2,0.2,0.2,0.006060524
1.41,-0.3,1.41,0,0,0,0.2,0.2,0.2,0.006061201
1.41,-0.3,1.41,0,0,0,0.2,0.2,0.2,0.006060202
1.41,-0.3,1.41,0,0,0,0.2,0.2,0.2,0.006060741
1.41,-0.3,1.41,0,0,0,0.2,0.2,0.2,0.006061108
1.41,-0.3,1.41,0,0,0,0.2,0.2,0.2,0.00606097
1.41,-0.3,1.41,0,0,0,0.2,0.2,0.2,0.006060739
1.41,-0.3,1.41,0,0,0,0.2,0.2,0.2,0.006060499
1.41,-0.3,1.41,0,0,0,0.2,0.2,0.2,0.006060974
1.41,-0.3,1.41,0,0,0,0.2,0.2,0.2,0.006060426
1.41,-0.3,1.41,0,0,0,0.2,0.2,0.2,0.006060653
1.41,-0.3,1.41,0,0,0,0.2,0.2,0.2,0.006061486
1.41,-0.3,1.41,0,0,0,0.2,0.2,0.2,0.006060506
1.41,-0.3,1.41,0,0,0,0.2,0.2,0.2,0.00606028
1.41,-0.3,1.41,0,0,0,0.2,0.2,0.2,0.006061322
1.41,-0.3,1.41,0,0,0,0.2,0.2,0.2,0.006060181
1.41,-0.3,1.41,0,0,0,0.2,0.2,0.2,0.006061112
1.41,-0.3,1.41,0,0,0,0.2,0.2,0.2,0.006060495
1.41,-0.3,1.41,0,0,0,0.2,0.2,0.2,0.006060436
1.41,-0.3,1.41,0,0,0,0.2,0.2,0.2,0.006061186
1.41,-0.3,1.41,0,0,0,0.2,0.2,0.2,0.006060395
1.41,-0.3,1.41,0,0,0,0.2,0.2,0.2,0.006060518
1.41,-0.3,1.41,0,0,0,0.2,0.2,0.2,0.006061304
1.41,-0.3,1.41,0,0,0,0.2,0.2,0.2,0.006059903
1.41,-0.3,1.41,0,0,0,0.2,0.2,0.2,0.006061536
1.41,-0.3,1.41,0,0,0,0.2,0.2,0.2,0.006060837
1.41,-0.3,1.41,0,0,0,0.2,0.2,0.2,0.006060906
1.41,-0.3,1.41,0,0,0,0.2,0.2,0.2,0.006060873
1.41,-0.3,1.41,0,0,0,0.2,0.2,0.2,0.006060365
1.41,-0.3,1.41,0,0,0,0.2,0.2,0.2,0.006061004
1.41,-0.3,1.41,0,0,0,0.2,0.2,0.2,0.006060356
1.41,-0.3,1.41,0,0,0,0.2,0.2,0.2,0.006060722
1.41,-0.3,1.41,0,0,0,0.2,0.2,0.2,0.006061559
1.41,-0.3,1.41,0,0,0,0.2,0.2,0.2,0.006060046
1.41,-0.3,1.41,0,0,0,0.2,0.2,0.2,0.006060434
1.41,-0.3,1.41,0,0,0,0.2,0.2,0.2,0.006060926
1.41,-0.3,1.41,0,0,0,0.2,0.2,0.2,0.006061087
1.41,-0.3,1.41,0,0,0,0.2,0.2,0.2,0.006060687
1.41,-0.3,1.41,0,0,0,0.2,0.2,0.2,0.006060327
1.41,-0.3,1.41,0,0,0,0.2,0.2,0.2,0.006060622
1.41,-0.3,1.41,0,0,0,0.2,0.2,0.2,0.006061288
1.41,-0.3,1.41,0,0,0,0.2,0.2,0.2,0.006060141
1.41,-0.3,1.41,0,0,0,0.2,0.2,0.2,0.006061498
1.41,-0.3,1.41,0,0,0,0.2,0.2,0.2,0.00606009
1.41,-0.3,1.41,0,0,0,0.2,0.2,0.2,0.006060594
1.41,-0.3,1.41,0,0,0,0.2,0.2,0.2,0.00606147
1.41,-0.3,1.41,0,0,0,0.2,0.2,0.2,0.006059661
1.41,-0.3,1.41,0,0,0,0.2,0.2,0.2,0.006061036
1.41,-0.3,1.41,0,0,0,0.2,0.2,0.2,0.006061292
1.41,-0.3,1.41,0,0,0,0.2,0.2,0.2,0.006060031
1.41,-0.3,1.41,0,0,0,0.2,0.2,0.2,0.006060756
1.41,-0.3,1.41,0,0,0,0.2,0.2,0.2,0.006060852
1.41,-0.3,1.41,0,0,0,0.2,0.2,0.2,0.006060504
1.41,-0.3,1.41,0,0,0,0.2,0.2,0.2,0.006061379
1.41,-0.3,1.41,0,0,0,0.2,0.2,0.2,0.006060036
1.41,-0.3,1.41,0,0,0,0.2,0.2,0.2,0.006061776
1.41,-0.3,1.41,0,0,0,0.2,0.2,0.2,0.006060182
1.41,-0.3,1.41,0,0,0,0.2,0.2,0.2,0.006060269
1.41,-0.3,1.41,0,0,0,0.2,0.2,0.2,0.006061334
1.41,-0.3,1.41,0,0,0,0.2,0.2,0.2,0.006060683
1.41,-0.3,1.41,0,0,0,0.2,0.2,0.2,0.006060327
1.41,-0.3,1.41,0,0,0,0.2,0.2,0.2,0.006061184
1.41,-0.3,1.41,0,0,0,0.2,0.2,0.2,0.006060469
1.41,-0.3,1.41,0,0,0,0.2,0.2,0.2,0.006060611
1.41,-0.3,1.41,0,0,0,0.2,0.2,0.2,0.006061105
1.41,-0.3,1.41,0,0,0,0.2,0.2,0.2,0.006060718
1.41,-0.3,1.41,0,0,0,0.2,0.2,0.2,0.006061162
1.41,-0.3,1.41,0,0,0,0.2,0.2,0.2,0.006060562
1.41,-0.3,1.41,0,0,0,0.2,0.2,0.2,0.006060251
1.41,-0.3,1.41,0,0,0,0.2,0.2,0.2,0.006061254
1.41,-0.3,1.41,0,0,0,0.2,0.2,0.2,0.006060473
1.41,-0.3,1.41,0,0,0,0.2,0.2,0.2,0.006061125
1.41,-0.3,1.41,0,0,0,0.2,0.2,0.2,0.0060609
1.41,-0.3,1.41,0,0,0,0.2,0.2,0.2,0.0060603
1.41,-0.3,1.41,0,0,0,0.2,0.2,0.2,0.006061286
1.41,-0.3,1.41,0,0,0,0.2,0.2,0.2,0.006059783
1.41,-0.3,1.41,0,0,0,0.2,0.2,0.2,0.006061358
1.41,-0.3,1.41,0,0,0,0.2,0.2,0.2,0.006060142
1.41,-0.3,1.41,0,0,0,0.2,0.2,0.2,0.006060938
1.41,-0.3,1.41,0,0,0,0.2,0.2,0.2,0.006061303
1.41,-0.3,1.41,0,0,0,0.2,0.2,0.2,0.006060263
1.41,-0.3,1.41,0,0,0,0.2,0.2,0.2,0.006060556
1.41,-0.3,1.41,0,0,0,0.2,0.2,0.2,0.006060795
1.41,-0.3,1.41,0,0,0,0.2,0.2,0.2,0.006060709
1.41,-0.3,1.41,0,0,0,0.2,0.2,0.2,0.00606102
1.41,-0.3,1.41,0,0,0,0.2,0.2,0.2,0.006060559
1.41,-0.3,1.41,0,0,0,0.2,0.2,0.2,0.006060436
1.41,-0.3,1.41,0,0,0,0.2,0.2,0.2,0.006061228
1.41,-0.3,1.41,0,0,0,0.2,0.2,0.2,0.006060322
1.41,-0.3,1.41,0,0,0,0.2,0.2,0.2,0.006060707
1.41,-0.3,1.41,0,0,0,0.2,0.2,0.2,0.006060548
1.41,-0.3,1.41,0,0,0,0.2,0.2,0.2,0.00606133
1.41,-0.3,1.41,0,0,0,0.2,0.2,0.2,0.006060856
1.41,-0.3,1.41,0,0,0,0.2,0.2,0.2,0.00606024
1.41,-0.3,1.41,0,0,0,0.2,0.2,0.2,0.006060677
1.41,-0.3,1.41,0,0,0,0.2,0.2,0.2,0.006061305
1.41,-0.3,1.41,0,0,0,0.2,0.2,0.2,0.006060025
1.41,-0.3,1.41,0,0,0,0.2,0.2,0.2,0.006061365
1.41,-0.3,1.41,0,0,0,0.2,0.2,0.2,0.006060251
1.41,-0.3,1.41,0,0,0,0.2,0.2,0.2,0.006060785
1.41,-0.3,1.41,0,0,0,0.2,0.2,0.2,0.006061059
1.41,-0.3,1.41,0,0,0,0.2,0.2,0.2,0.006060365
1.41,-0.3,1.41,0,0,0,0.2,0.2,0.2,0.006060708
1.41,-0.3,1.41,0,0,0,0.2,0.2,0.2,0.00606108
1.41,-0.3,1.41,0,0,0,0.2,0.2,0.2,0.006060508
1.41,-0.3,1.41,0,0,0,0.2,0.2,0.2,0.006061027
1.41,-0.3,1.41,0,0,0,0.2,0.2,0.2,0.00606044
1.41,-0.3,1.41,0,0,0,0.2,0.2,0.2,0.006060853
1.41,-0.3,1.41,0,0,0,0.2,0.2,0.2,0.006061013
1.41,-0.3,1.41,0,0,0,0.2,0.2,0.2,0.006060294
1.41,-0.3,1.41,0,0,0,0.2,0.2,0.2,0.006061059
1.41,-0.3,1.41,0,0,0,0.2,0.2,0.2,0.00606032
1.41,-0.3,1.41,0,0,0,0.2,0.2,0.2,0.006060557
1.41,-0.3,1.41,0,0,0,0.2,0.2,0.2,0.006061251
1.41,-0.3,1.41,0,0,0,0.2,0.2,0.2,0.006060472
1.41,-0.3,1.41,0,0,0,0.2,0.2,0.2,0.006060519
1.41,-0.3,1.41,0,0,0,0.2,0.2,0.2,0.006061532
1.41,-0.3,1.41,0,0,0,0.2,0.2,0.2,0.006060441
1.41,-0.3,1.41,0,0,0,0.2,0.2,0.2,0.006061167
1.41,-0.3,1.41,0,0,0,0.2,0.2,0.2,0.006060481
1.41,-0.3,1.41,0,0,0,0.2,0.2,0.2,0.006060217
1.41,-0.3,1.41,0,0,0,0.2,0.2,0.2,0.006061614
1.41,-0.3,1.41,0,0,0,0.2,0.2,0.2,0.006060453
1.41,-0.3,1.41,0,0,0,0.2,0.2,0.2,0.006061263
1.41,-0.3,1.41,0,0,0,0.2,0.2,0.2,0.006059929
1.41,-0.3,1.41,0,0,0,0.2,0.2,0.2,0.006060903
1.41,-0.3,1.41,0,0,0,0.2,0.2,0.2,0.006061314
1.41,-0.3,1.41,0,0,0,0.2,0.2,0.2,0.006060146
1.41,-0.3,1.41,0,0,0,0.2,0.2,0.2,0.00606053
1.41,-0.3,1.41,0,0,0,0.2,0.2,0.2,0.0060607
1.41,-0.3,1.41,0,0,0,0.2,0.2,0.2,0.006060763
1.41,-0.3,1.41,0,0,0,0.2,0.2,0.2,0.006060971
1.41,-0.3,1.41,0,0,0,0.2,0.2,0.2,0.006060448
1.41,-0.3,1.41,0,0,0,0.2,0.2,0.2,0.006060834
1.41,-0.3,1.41,0,0,0,0.2,0.2,0.2,0.006061204
1.41,-0.3,1.41,0,0,0,0.2,0.2,0.2,0.006060492
1.41,-0.3,1.41,0,0,0,0.2,0.2,0.2,0.006060908
1.41,-0.3,1.41,0,0,0,0.2,0.2,0.2,0.006060164
1.41,-0.3,1.41,0,0,0,0.2,0.2,0.2,0.006060735
1.41,-0.3,1.41,0,0,0,0.2,0.2,0.2,0.00606098
1.41,-0.3,1.41,0,0,0,0.2,0.2,0.2,0.006060784
1.41,-0.3,1.41,0,0,0,0.2,0.2,0.2,0.006060289
1.41,-0.3,1.41,0,0,0,0.2,0.2,0.2,0.006061506
1.41,-0.3,1.41,0,0,0,0.2,0.2,0.2,0.006060025
1.41,-0.3,1.41,0,0,0,0.2,0.2,0.2,0.006060493
1.41,-0.3,1.41,0,0,0,0.2,0.2,0.2,0.006061092
1.41,-0.3,1.41,0,0,0,0.2,0.2,0.2,0.006060761
1.41,-0.3,1.41,0,0,0,0.2,0.2,0.2,0.006061219
1.41,-0.3,1.41,0,0,0,0.2,0.2,0.2,0.006060039
1.41,-0.3,1.41,0,0,0,0.2,0.2,0.2,0.006061751
1.41,-0.3,1.41,0,0,0,0.2,0.2,0.2,0.006059832
1.41,-0.3,1.41,0,0,0,0.2,0.2,0.2,0.00606074
1.41,-0.3,1.41,0,0,0,0.2,0.2,0.2,0.006061101
1.41,-0.3,1.41,0,0,0,0.2,0.2,0.2,0.006060113
1.41,-0.3,1.41,0,0,0,0.2,0.2,0.2,0.00606105
1.41,-0.3,1.41,0,0,0,0.2,0.2,0.2,0.006061351
1.41,-0.3,1.41,0,0,0,0.2,0.2,0.2,0.006060002
1.41,-0.3,1.41,0,0,0,0.2,0.2,0.2,0.006061131
1.41,-0.3,1.41,0,0,0,0.2,0.2,0.2,0.0060601
1.41,-0.3,1.41,0,0,0,0.2,0.2,0.2,0.006060679
1.41,-0.3,1.41,0,0,0,0.2,0.2,0.2,0.006061389
1.41,-0.3,1.41,0,0,0,0.2,0.2,0.2,0.006060612
1.41,-0.3,1.41,0,0,0,0.2,0.2,0.2,0.006060786
1.41,-0.3,1.41,0,0,0,0.2,0.2,0.2,0.006060748
1.41,-0.3,1.41,0,0,0,0.2,0.2,0.2,0.006060175
1.41,-0.3,1.41,0,0,0,0.2,0.2,0.2,0.006061551
1.41,-0.3,1.41,0,0,0,0.2,0.2,0.2,0.006060067
1.41,-0.3,1.41,0,0,0,0.2,0.2,0.2,0.006060626
1.41,-0.3,1.41,0,0,0,0.2,0.2,0.2,0.006061762
1.41,-0.3,1.41,0,0,0,0.2,0.2,0.2,0.006059664
1.41,-0.3,1.41,0,0,0,0.2,0.2,0.2,0.00606085
1.41,-0.3,1.41,0,0,0,0.2,0.2,0.2,0.006061159
1.41,-0.3,1.41,0,0,0,0.2,0.2,0.2,0.006060144
1.41,-0.3,1.41,0,0,0,0.2,0.2,0.2,0.006061269
1.41,-0.3,1.41,0,0,0,0.2,0.2,0.2,0.006060052
1.41,-0.3,1.41,0,0,0,0.2,0.2,0.2,0.006060781
1.41,-0.3,1.41,0,0,0,0.2,0.2,0.2,0.006061186
1.41,-0.3,1.41,0,0,0,0.2,0.2,0.2,0.006060435
1.41,-0.3,1.41,0,0,0,0.2,0.2,0.2,0.006061157
1.41,-0.3,1.41,0,0,0,0.2,0.2,0.2,0.006060395
1.41,-0.3,1.41,0,0,0,0.2,0.2,0.2,0.006060443
1.41,-0.3,1.41,0,0,0,0.2,0.2,0.2,0.006061238
1.41,-0.3,1.41,0,0,0,0.2,0.2,0.2,0.006060836
1.41,-0.3,1.41,0,0,0,0.2,0.2,0.2,0.006060454
1.41,-0.3,1.41,0,0,0,0.2,0.2,0.2,0.0060609
1.41,-0.3,1.41,0,0,0,0.2,0.2,0.2,0.006060227
1.41,-0.3,1.41,0,0,0,0.2,0.2,0.2,0.006061288
1.41,-0.3,1.41,0,0,0,0.2,0.2,0.2,0.006060462
1.41,-0.3,1.41,0,0,0,0.2,0.2,0.2,0.006060548
1.41,-0.3,1.41,0,0,0,0.2,0.2,0.2,0.006061143
1.41,-0.3,1.41,0,0,0,0.2,0.2,0.2,0.006060384
1.41,-0.3,1.41,0,0,0,0.2,0.2,0.2,0.006060579
1.41,-0.3,1.41,0,0,0,0.2,0.2,0.2,0.006061038
1.41,-0.3,1.41,0,0,0,0.2,0.2,0.2,0.006060358
1.41,-0.3,1.41,0,0,0,0.2,0.2,0.2,0.006061126
1.41,-0.3,1.41,0,0,0,0.2,0.2,0.2,0.006060448
1.41,-0.3,1.41,0,0,0,0.2,0.2,0.2,0.006060705
1.41,-0.3,1.41,0,0,0,0.2,0.2,0.2,0.006061117
1.41,-0.3,1.41,0,0,0,0.2,0.2,0.2,0.006060386
1.41,-0.3,1.41,0,0,0,0.2,0.2,0.2,0.006060449
1.41,-0.3,1.41,0,0,0,0.2,0.2,0.2,0.006061228
1.41,-0.3,1.41,0,0,0,0.2,0.2,0.2,0.006060495
1.41,-0.3,1.41,0,0,0,0.2,0.2,0.2,0.006061412
1.41,-0.3,1.41,0,0,0,0.2,0.2,0.2,0.006060149
1.41,-0.3,1.41,0,0,0,0.2,0.2,0.2,0.006060361
1.41,-0.3,1.41,0,0,0,0.2,0.2,0.2,0.006061371
1.41,-0.3,1.41,0,0,0,0.2,0.2,0.2,0.006060513
1.41,-0.3,1.41,0,0,0,0.2,0.2,0.2,0.00606043
1.41,-0.3,1.41,0,0,0,0.2,0.2,0.2,0.006060749
1.41,-0.3,1.41,0,0,0,0.2,0.2,0.2,0.006060805
1.41,-0.3,1.41,0,0,0,0.2,0.2,0.2,0.006061159
1.41,-0.3,1.41,0,0,0,0.2,0.2,0.2,0.006060339
1.41,-0.3,1.41,0,0,0,0.2,0.2,0.2,0.006060854
1.41,-0.3,1.41,0,0,0,0.2,0.2,0.2,0.006060918
1.41,-0.3,1.41,0,0,0,0.2,0.2,0.2,0.006060309
1.41,-0.3,1.41,0,0,0,0.2,0.2,0.2,0.006061822
1.41,-0.3,1.41,0,0,0,0.2,0.2,0.2,0.006059647
1.41,-0.3,1.41,0,0,0,0.2,0.2,0.2,0.0060611
1.41,-0.3,1.41,0,0,0,0.2,0.2,0.2,0.006061392
1.41,-0.3,1.41,0,0,0,0.2,0.2,0.2,0.006059603
1.41,-0.3,1.41,0,0,0,0.2,0.2,0.2,0.006061767
1.41,-0.3,1.41,0,0,0,0.2,0.2,0.2,0.006059964
1.41,-0.3,1.41,0,0,0,0.2,0.2,0.2,0.006060575
1.41,-0.3,1.41,0,0,0,0.2,0.2,0.2,0.006061385
1.41,-0.3,1.41,0,0,0,0.2,0.2,0.2,0.00606015
1.41,-0.3,1.41,0,0,0,0.2,0.2,0.2,0.006060718
1.41,-0.3,1.41,0,0,0,0.2,0.2,0.2,0.006061269
1.41,-0.3,1.41,0,0,0,0.2,0.2,0.2,0.006060044
1.41,-0.3,1.41,0,0,0,0.2,0.2,0.2,0.006060792
1.41,-0.3,1.41,0,0,0,0.2,0.2,0.2,0.006060643
1.41,-0.3,1.41,0,0,0,0.2,0.2,0.2,0.006060995
1.41,-0.3,1.41,0,0,0,0.2,0.2,0.2,0.006061476
1.41,-0.3,1.41,0,0,0,0.2,0.2,0.2,0.006059953
1.41,-0.3,1.41,0,0,0,0.2,0.2,0.2,0.006060657
1.41,-0.3,1.41,0,0,0,0.2,0.2,0.2,0.006061112
1.41,-0.3,1.41,0,0,0,0.2,0.2,0.2,0.006060524
1.41,-0.3,1.41,0,0,0,0.2,0.2,0.2,0.006061253
1.41,-0.3,1.41,0,0,0,0.2,0.2,0.2,0.006060577
1.41,-0.3,1.41,0,0,0,0.2,0.2,0.2,0.006060855
1.41,-0.3,1.41,0,0,0,0.2,0.2,0.2,0.006065785
1.41,-0.3,1.41,0,0,0,0.2,0.2,0.2,0.006060129
1.41,-0.3,1.41,0,0,0,0.2,0.2,0.2,0.006061212
1.41,-0.3,1.41,0,0,0,0.2,0.2,0.2,0.00606012
1.41,-0.3,1.41,0,0,0,0.2,0.2,0.2,0.006061256
1.41,-0.3,1.41,0,0,0,0.2,0.2,0.2,0.006060246
1.41,-0.3,1.41,0,0,0,0.2,0.2,0.2,0.006060644
1.41,-0.3,1.41,0,0,0,0.2,0.2,0.2,0.006061302
1.41,-0.3,1.41,0,0,0,0.2,0.2,0.2,0.00606031
1.41,-0.3,1.41,0,0,0,0.2,0.2,0.2,0.006061335
1.41,-0.3,1.41,0,0,0,0.2,0.2,0.2,0.006060447
1.41,-0.3,1.41,0,0,0,0.2,0.2,0.2,0.006060519
1.41,-0.3,1.41,0,0,0,0.2,0.2,0.2,0.006061036
1.41,-0.3,1.41,0,0,0,0.2,0.2,0.2,0.006060405
1.41,-0.3,1.41,0,0,0,0.2,0.2,0.2,0.006060544
1.41,-0.3,1.41,0,0,0,0.2,0.2,0.2,0.006061287
1.41,-0.3,1.41,0,0,0,0.2,0.2,0.2,0.006060098
1.41,-0.3,1.41,0,0,0,0.2,0.2,0.2,0.006061422
1.41,-0.3,1.41,0,0,0,0.2,0.2,0.2,0.00606003
1.41,-0.3,1.41,0,0,0,0.2,0.2,0.2,0.006060855
1.41,-0.3,1.41,0,0,0,0.2,0.2,0.2,0.006061502
1.41,-0.3,1.41,0,0,0,0.2,0.2,0.2,0.006059858
1.41,-0.3,1.41,0,0,0,0.2,0.2,0.2,0.006060905
1.41,-0.3,1.41,0,0,0,0.2,0.2,0.2,0.006061007
1.41,-0.3,1.41,0,0,0,0.2,0.2,0.2,0.006060387
1.41,-0.3,1.41,0,0,0,0.2,0.2,0.2,0.006061836
1.41,-0.3,1.41,0,0,0,0.2,0.2,0.2,0.006060004
1.41,-0.3,1.41,0,0,0,0.2,0.2,0.2,0.006060867
1.41,-0.3,1.41,0,0,0,0.2,0.2,0.2,0.006061277
1.41,-0.3,1.41,0,0,0,0.2,0.2,0.2,0.006060876
1.41,-0.3,1.41,0,0,0,0.2,0.2,0.2,0.006060908
1.41,-0.3,1.41,0,0,0,0.2,0.2,0.2,0.006060113
1.41,-0.3,1.41,0,0,0,0.2,0.2,0.2,0.006061528
1.41,-0.3,1.41,0,0,0,0.2,0.2,0.2,0.006060141
1.41,-0.3,1.41,0,0,0,0.2,0.2,0.2,0.006060808
1.41,-0.3,1.41,0,0,0,0.2,0.2,0.2,0.00606078
1.41,-0.3,1.41,0,0,0,0.2,0.2,0.2,0.00606033
1.41,-0.3,1.41,0,0,0,0.2,0.2,0.2,0.006060993
1.41,-0.3,1.41,0,0,0,0.2,0.2,0.2,0.00606088
1.41,-0.3,1.41,0,0,0,0.2,0.2,0.2,0.006060689
1.41,-0.3,1.41,0,0,0,0.2,0.2,0.2,0.006060937
1.41,-0.3,1.41,0,0,0,0.2,0.2,0.2,0.006060274
1.41,-0.3,1.41,0,0,0,0.2,0.2,0.2,0.006060763
1.41,-0.3,1.41,0,0,0,0.2,0.2,0.2,0.006061325
1.41,-0.3,1.41,0,0,0,0.2,0.2,0.2,0.006060033
1.41,-0.3,1.41,0,0,0,0.2,0.2,0.2,0.006060787
1.41,-0.3,1.41,0,0,0,0.2,0.2,0.2,0.006060972
1.41,-0.3,1.41,0,0,0,0.2,0.2,0.2,0.006060472
1.41,-0.3,1.41,0,0,0,0.2,0.2,0.2,0.006061535
1.41,-0.3,1.41,0,0,0,0.2,0.2,0.2,0.006059727
1.41,-0.3,1.41,0,0,0,0.2,0.2,0.2,0.006060895
1.41,-0.3,1.41,0,0,0,0.2,0.2,0.2,0.006061089
1.41,-0.3,1.41,0,0,0,0.2,0.2,0.2,0.006060323
1.41,-0.3,1.41,0,0,0,0.2,0.2,0.2,0.006061392
1.41,-0.3,1.41,0,0,0,0.2,0.2,0.2,0.006060111
1.41,-0.3,1.41,0,0,0,0.2,0.2,0.2,0.006060932
1.41,-0.3,1.41,0,0,0,0.2,0.2,0.2,0.006060765
1.41,-0.3,1.41,0,0,0,0.2,0.2,0.2,0.006060364
1.41,-0.3,1.41,0,0,0,0.2,0.2,0.2,0.00606103
1.41,-0.3,1.41,0,0,0,0.2,0.2,0.2,0.006060775
1.41,-0.3,1.41,0,0,0,0.2,0.2,0.2,0.006060535
1.41,-0.3,1.41,0,0,0,0.2,0.2,0.2,0.006061164
1.41,-0.3,1.41,0,0,0,0.2,0.2,0.2,0.006060378
1.41,-0.3,1.41,0,0,0,0.2,0.2,0.2,0.006060677
1.41,-0.3,1.41,0,0,0,0.2,0.2,0.2,0.006061056
1.41,-0.3,1.41,0,0,0,0.2,0.2,0.2,0.006060305
1.41,-0.3,1.41,0,0,0,0.2,0.2,0.2,0.006060696
1.41,-0.3,1.41,0,0,0,0.2,0.2,0.2,0.006061085
1.41,-0.3,1.41,0,0,0,0.2,0.2,0.2,0.006060424
1.41,-0.3,1.41,0,0,0,0.2,0.2,0.2,0.006061084
1.41,-0.3,1.41,0,0,0,0.2,0.2,0.2,0.00606034
1.41,-0.3,1.41,0,0,0,0.2,0.2,0.2,0.006060674
1.41,-0.3,1.41,0,0,0,0.2,0.2,0.2,0.006061548
1.41,-0.3,1.41,0,0,0,0.2,0.2,0.2,0.006059876
1.41,-0.3,1.41,0,0,0,0.2,0.2,0.2,0.006060678
1.41,-0.3,1.41,0,0,0,0.2,0.2,0.2,0.006061038
1.41,-0.3,1.41,0,0,0,0.2,0.2,0.2,0.006060886
1.41,-0.3,1.41,0,0,0,0.2,0.2,0.2,0.006061192
1.41,-0.3,1.41,0,0,0,0.2,0.2,0.2,0.006060423
1.41,-0.3,1.41,0,0,0,0.2,0.2,0.2,0.00606079
1.41,-0.3,1.41,0,0,0,0.2,0.2,0.2,0.006060955
1.41,-0.3,1.41,0,0,0,0.2,0.2,0.2,0.006060499
1.41,-0.3,1.41,0,0,0,0.2,0.2,0.2,0.006060981
1.41,-0.3,1.41,0,0,0,0.2,0.2,0.2,0.006060401
1.41,-0.3,1.41,0,0,0,0.2,0.2,0.2,0.006060511
1.41,-0.3,1.41,0,0,0,0.2,0.2,0.2,0.006061264
1.41,-0.3,1.41,0,0,0,0.2,0.2,0.2,0.006060513
1.41,-0.3,1.41,0,0,0,0.2,0.2,0.2,0.00606096
1.41,-0.3,1.41,0,0,0,0.2,0.2,0.2,0.006060549
1.41,-0.3,1.41,0,0,0,0.2,0.2,0.2,0.006060869
1.41,-0.3,1.41,0,0,0,0.2,0.2,0.2,0.006061364
1.41,-0.3,1.41,0,0,0,0.2,0.2,0.2,0.006059677
1.41,-0.3,1.41,0,0,0,0.2,0.2,0.2,0.00606078
1.41,-0.3,1.41,0,0,0,0.2,0.2,0.2,0.006061374
1.41,-0.3,1.41,0,0,0,0.2,0.2,0.2,0.006060436
1.41,-0.3,1.41,0,0,0,0.2,0.2,0.2,0.006060801
1.41,-0.3,1.41,0,0,0,0.2,0.2,0.2,0.006060347
1.41,-0.3,1.41,0,0,0,0.2,0.2,0.2,0.006060562
1.41,-0.3,1.41,0,0,0,0.2,0.2,0.2,0.006061395
1.41,-0.3,1.41,0,0,0,0.2,0.2,0.2,0.006060161
1.41,-0.3,1.41,0,0,0,0.2,0.2,0.2,0.006060726
1.41,-0.3,1.41,0,0,0,0.2,0.2,0.2,0.006060872
1.41,-0.3,1.41,0,0,0,0.2,0.2,0.2,0.006060609
1.41,-0.3,1.41,0,0,0,0.2,0.2,0.2,0.00606151
1.41,-0.3,1.41,0,0,0,0.2,0.2,0.2,0.006059791
1.41,-0.3,1.41,0,0,0,0.2,0.2,0.2,0.006060886
1.41,-0.3,1.41,0,0,0,0.2,0.2,0.2,0.006061259
1.41,-0.3,1.41,0,0,0,0.2,0.2,0.2,0.006060004
1.41,-0.3,1.41,0,0,0,0.2,0.2,0.2,0.006061549
1.41,-0.3,1.41,0,0,0,0.2,0.2,0.2,0.006060137
1.41,-0.3,1.41,0,0,0,0.2,0.2,0.2,0.006061329
1.41,-0.3,1.41,0,0,0,0.2,0.2,0.2,0.006060545
1.41,-0.3,1.41,0,0,0,0.2,0.2,0.2,0.006060243
1.41,-0.3,1.41,0,0,0,0.2,0.2,0.2,0.006060722
1.41,-0.3,1.41,0,0,0,0.2,0.2,0.2,0.006061052
1.41,-0.3,1.41,0,0,0,0.2,0.2,0.2,0.006060554
1.41,-0.3,1.41,0,0,0,0.2,0.2,0.2,0.006060957
1.41,-0.3,1.41,0,0,0,0.2,0.2,0.2,0.006060141
1.41,-0.3,1.41,0,0,0,0.2,0.2,0.2,0.006060852
1.41,-0.3,1.41,0,0,0,0.2,0.2,0.2,0.006061374
1.41,-0.3,1.41,0,0,0,0.2,0.2,0.2,0.006059959
1.41,-0.3,1.41,0,0,0,0.2,0.2,0.2,0.006060966
1.41,-0.3,1.41,0,0,0,0.2,0.2,0.2,0.006060859
1.41,-0.3,1.41,0,0,0,0.2,0.2,0.2,0.006060552
1.41,-0.3,1.41,0,0,0,0.2,0.2,0.2,0.006061002
1.41,-0.3,1.41,0,0,0,0.2,0.2,0.2,0.006060465
1.41,-0.3,1.41,0,0,0,0.2,0.2,0.2,0.006060548
1.41,-0.3,1.41,0,0,0,0.2,0.2,0.2,0.006061207
1.41,-0.3,1.41,0,0,0,0.2,0.2,0.2,0.00606045
1.41,-0.3,1.41,0,0,0,0.2,0.2,0.2,0.006061389
1.41,-0.3,1.41,0,0,0,0.2,0.2,0.2,0.006059869
1.41,-0.3,1.41,0,0,0,0.2,0.2,0.2,0.006060577
1.41,-0.3,1.41,0,0,0,0.2,0.2,0.2,0.00606138
1.41,-0.3,1.41,0,0,0,0.2,0.2,0.2,0.006060359
1.41,-0.3,1.41,0,0,0,0.2,0.2,0.2,0.006060776
1.41,-0.3,1.41,0,0,0,0.2,0.2,0.2,0.006060999
1.41,-0.3,1.41,0,0,0,0.2,0.2,0.2,0.006060325
1.41,-0.3,1.41,0,0,0,0.2,0.2,0.2,0.006061018
1.41,-0.3,1.41,0,0,0,0.2,0.2,0.2,0.006060619
1.41,-0.3,1.41,0,0,0,0.2,0.2,0.2,0.006060498
1.41,-0.3,1.41,0,0,0,0.2,0.2,0.2,0.006060937
1.41,-0.3,1.41,0,0,0,0.2,0.2,0.2,0.006060757
1.41,-0.3,1.41,0,0,0,0.2,0.2,0.2,0.006060344
1.41,-0.3,1.41,0,0,0,0.2,0.2,0.2,0.006061204
1.41,-0.3,1.41,0,0,0,0.2,0.2,0.2,0.006060829
1.41,-0.3,1.41,0,0,0,0.2,0.2,0.2,0.006061088
1.41,-0.3,1.41,0,0,0,0.2,0.2,0.2,0.006060282
1.41,-0.3,1.41,0,0,0,0.2,0.2,0.2,0.006061536
1.41,-0.3,1.41,0,0,0,0.2,0.2,0.2,0.006060149
1.41,-0.3,1.41,0,0,0,0.2,0.2,0.2,0.006060932
1.41,-0.3,1.41,0,0,0,0.2,0.2,0.2,0.00606126
1.41,-0.3,1.41,0,0,0,0.2,0.2,0.2,0.006060098
1.41,-0.3,1.41,0,0,0,0.2,0.2,0.2,0.006061142
1.41,-0.3,1.41,0,0,0,0.2,0.2,0.2,0.006060541
1.41,-0.3,1.41,0,0,0,0.2,0.2,0.2,0.00606092
1.41,-0.3,1.41,0,0,0,0.2,0.2,0.2,0.006060833
1.41,-0.3,1.41,0,0,0,0.2,0.2,0.2,0.006060416
1.41,-0.3,1.41,0,0,0,0.2,0.2,0.2,0.00606201
1.41,-0.3,1.41,0,0,0,0.2,0.2,0.2,0.006059899
1.41,-0.3,1.41,0,0,0,0.2,0.2,0.2,0.006060259
1.41,-0.3,1.41,0,0,0,0.2,0.2,0.2,0.006061103
1.41,-0.3,1.41,0,0,0,0.2,0.2,0.2,0.006060694
1.41,-0.3,1.41,0,0,0,0.2,0.2,0.2,0.006060421
1.41,-0.3,1.41,0,0,0,0.2,0.2,0.2,0.006061466
1.41,-0.3,1.41,0,0,0,0.2,0.2,0.2,0.006059965
1.41,-0.3,1.41,0,0,0,0.2,0.2,0.2,0.006061516
1.41,-0.3,1.41,0,0,0,0.2,0.2,0.2,0.006060504
1.41,-0.3,1.41,0,0,0,0.2,0.2,0.2,0.006060662
1.41,-0.3,1.41,0,0,0,0.2,0.2,0.2,0.00606121
1.41,-0.3,1.41,0,0,0,0.2,0.2,0.2,0.006059827
1.41,-0.3,1.41,0,0,0,0.2,0.2,0.2,0.006060537
1.41,-0.3,1.41,0,0,0,0.2,0.2,0.2,0.006061516
1.41,-0.3,1.41,0,0,0,0.2,0.2,0.2,0.006060096
1.41,-0.3,1.41,0,0,0,0.2,0.2,0.2,0.00606032
1.41,-0.3,1.41,0,0,0,0.2,0.2,0.2,0.006061606
1.41,-0.3,1.41,0,0,0,0.2,0.2,0.2,0.006060162
1.41,-0.3,1.41,0,0,0,0.2,0.2,0.2,0.006061258
1.41,-0.3,1.41,0,0,0,0.2,0.2,0.2,0.00606021
1.41,-0.3,1.41,0,0,0,0.2,0.2,0.2,0.006060635
1.41,-0.3,1.41,0,0,0,0.2,0.2,0.2,0.006061692
1.41,-0.3,1.41,0,0,0,0.2,0.2,0.2,0.006059867
1.41,-0.3,1.41,0,0,0,0.2,0.2,0.2,0.0060614
1.41,-0.3,1.41,0,0,0,0.2,0.2,0.2,0.006060563
1.41,-0.3,1.41,0,0,0,0.2,0.2,0.2,0.006060208
1.41,-0.3,1.41,0,0,0,0.2,0.2,0.2,0.006061504
1.41,-0.3,1.41,0,0,0,0.2,0.2,0.2,0.006060013
1.41,-0.3,1.41,0,0,0,0.2,0.2,0.2,0.006060761
1.41,-0.3,1.41,0,0,0,0.2,0.2,0.2,0.006061055
1.41,-0.3,1.41,0,0,0,0.2,0.2,0.2,0.006060204
1.41,-0.3,1.41,0,0,0,0.2,0.2,0.2,0.00606169
1.41,-0.3,1.41,0,0,0,0.2,0.2,0.2,0.006060126
1.41,-0.3,1.41,0,0,0,0.2,0.2,0.2,0.006060574
1.41,-0.3,1.41,0,0,0,0.2,0.2,0.2,0.006061143
1.41,-0.3,1.41,0,0,0,0.2,0.2,0.2,0.006060394
1.41,-0.3,1.41,0,0,0,0.2,0.2,0.2,0.006060629
1.41,-0.3,1.41,0,0,0,0.2,0.2,0.2,0.006060656
1.41,-0.3,1.41,0,0,0,0.2,0.2,0.2,0.006060902
1.41,-0.3,1.41,0,0,0,0.2,0.2,0.2,0.006060832
1.41,-0.3,1.41,0,0,0,0.2,0.2,0.2,0.006060681
1.41,-0.3,1.41,0,0,0,0.2,0.2,0.2,0.006060753
1.41,-0.3,1.41,0,0,0,0.2,0.2,0.2,0.006060926
1.41,-0.3,1.41,0,0,0,0.2,0.2,0.2,0.006060329
1.41,-0.3,1.41,0,0,0,0.2,0.2,0.2,0.006061445
1.41,-0.3,1.41,0,0,0,0.2,0.2,0.2,0.006060493
1.41,-0.3,1.41,0,0,0,0.2,0.2,0.2,0.006060165
1.41,-0.3,1.41,0,0,0,0.2,0.2,0.2,0.006061317
1.41,-0.3,1.41,0,0,0,0.2,0.2,0.2,0.006060048
1.41,-0.3,1.41,0,0,0,0.2,0.2,0.2,0.006060603
1.41,-0.3,1.41,0,0,0,0.2,0.2,0.2,0.00606134
1.41,-0.3,1.41,0,0,0,0.2,0.2,0.2,0.006060447
1.41,-0.3,1.41,0,0,0,0.2,0.2,0.2,0.0060609
1.41,-0.3,1.41,0,0,0,0.2,0.2,0.2,0.006060169
1.41,-0.3,1.41,0,0,0,0.2,0.2,0.2,0.00606062
1.41,-0.3,1.41,0,0,0,0.2,0.2,0.2,0.00606144
1.41,-0.3,1.41,0,0,0,0.2,0.2,0.2,0.006060087
1.41,-0.3,1.41,0,0,0,0.2,0.2,0.2,0.006060818
1.41,-0.3,1.41,0,0,0,0.2,0.2,0.2,0.00606087
1.41,-0.3,1.41,0,0,0,0.2,0.2,0.2,0.006060846
1.41,-0.3,1.41,0,0,0,0.2,0.2,0.2,0.006061084
1.41,-0.3,1.41,0,0,0,0.2,0.2,0.2,0.006059969
1.41,-0.3,1.41,0,0,0,0.2,0.2,0.2,0.006060928
1.41,-0.3,1.41,0,0,0,0.2,0.2,0.2,0.00606079
1.41,-0.3,1.41,0,0,0,0.2,0.2,0.2,0.006060812
1.41,-0.3,1.41,0,0,0,0.2,0.2,0.2,0.00606103
1.41,-0.3,1.41,0,0,0,0.2,0.2,0.2,0.006060319
1.41,-0.3,1.41,0,0,0,0.2,0.2,0.2,0.006060582
1.41,-0.3,1.41,0,0,0,0.2,0.2,0.2,0.006061191
1.41,-0.3,1.41,0,0,0,0.2,0.2,0.2,0.006060474
1.41,-0.3,1.41,0,0,0,0.2,0.2,0.2,0.006060328
1.41,-0.3,1.41,0,0,0,0.2,0.2,0.2,0.006061248
1.41,-0.3,1.41,0,0,0,0.2,0.2,0.2,0.006060192
1.41,-0.3,1.41,0,0,0,0.2,0.2,0.2,0.006060256
1.41,-0.3,1.41,0,0,0,0.2,0.2,0.2,0.00606175
1.41,-0.3,1.41,0,0,0,0.2,0.2,0.2,0.006060079
1.41,-0.3,1.41,0,0,0,0.2,0.2,0.2,0.006061457
1.41,-0.3,1.41,0,0,0,0.2,0.2,0.2,0.00606004
1.41,-0.3,1.41,0,0,0,0.2,0.2,0.2,0.006060647
1.41,-0.3,1.41,0,0,0,0.2,0.2,0.2,0.006061415
1.41,-0.3,1.41,0,0,0,0.2,0.2,0.2,0.006060134
1.41,-0.3,1.41,0,0,0,0.2,0.2,0.2,0.006061317
1.41,-0.3,1.41,0,0,0,0.2,0.2,0.2,0.006060275
1.41,-0.3,1.41,0,0,0,0.2,0.2,0.2,0.006060465
1.41,-0.3,1.41,0,0,0,0.2,0.2,0.2,0.006061217
1.41,-0.3,1.41,0,0,0,0.2,0.2,0.2,0.006060242
1.41,-0.3,1.41,0,0,0,0.2,0.2,0.2,0.006060495
1.41,-0.3,1.41,0,0,0,0.2,0.2,0.2,0.006061484
1.41,-0.3,1.41,0,0,0,0.2,0.2,0.2,0.006060032
1.41,-0.3,1.41,0,0,0,0.2,0.2,0.2,0.006060758
1.41,-0.3,1.41,0,0,0,0.2,0.2,0.2,0.006060808
1.41,-0.3,1.41,0,0,0,0.2,0.2,0.2,0.006060673
1.41,-0.3,1.41,0,0,0,0.2,0.2,0.2,0.006061124
1.41,-0.3,1.41,0,0,0,0.2,0.2,0.2,0.006060571
1.41,-0.3,1.41,0,0,0,0.2,0.2,0.2,0.006060351
1.41,-0.3,1.41,0,0,0,0.2,0.2,0.2,0.006061904
1.41,-0.3,1.41,0,0,0,0.2,0.2,0.2,0.006059623
1.41,-0.3,1.41,0,0,0,0.2,0.2,0.2,0.006061434
1.41,-0.3,1.41,0,0,0,0.2,0.2,0.2,0.006060324
1.41,-0.3,1.41,0,0,0,0.2,0.2,0.2,0.006060496
1.41,-0.3,1.41,0,0,0,0.2,0.2,0.2,0.006061307
1.41,-0.3,1.41,0,0,0,0.2,0.2,0.2,0.006060073
1.41,-0.3,1.41,0,0,0,0.2,0.2,0.2,0.006061597
1.41,-0.3,1.41,0,0,0,0.2,0.2,0.2,0.006060349
1.41,-0.3,1.41,0,0,0,0.2,0.2,0.2,0.006060797
1.41,-0.3,1.41,0,0,0,0.2,0.2,0.2,0.006061034
1.41,-0.3,1.41,0,0,0,0.2,0.2,0.2,0.006060064
1.41,-0.3,1.41,0,0,0,0.2,0.2,0.2,0.006060982
1.41,-0.3,1.41,0,0,0,0.2,0.2,0.2,0.006061172
1.41,-0.3,1.41,0,0,0,0.2,0.2,0.2,0.006060157
1.41,-0.3,1.41,0,0,0,0.2,0.2,0.2,0.006061362
1.41,-0.3,1.41,0,0,0,0.2,0.2,0.2,0.006060062
1.41,-0.3,1.41,0,0,0,0.2,0.2,0.2,0.006060792
1.41,-0.3,1.41,0,0,0,0.2,0.2,0.2,0.006061357
1.41,-0.3,1.41,0,0,0,0.2,0.2,0.2,0.006060075
1.41,-0.3,1.41,0,0,0,0.2,0.2,0.2,0.006060792
1.41,-0.3,1.41,0,0,0,0.2,0.2,0.2,0.006060837
1.41,-0.3,1.41,0,0,0,0.2,0.2,0.2,0.006060324
1.41,-0.3,1.41,0,0,0,0.2,0.2,0.2,0.006061246
1.41,-0.3,1.41,0,0,0,0.2,0.2,0.2,0.006060205
1.41,-0.3,1.41,0,0,0,0.2,0.2,0.2,0.006061306
1.41,-0.3,1.41,0,0,0,0.2,0.2,0.2,0.006060593
1.41,-0.3,1.41,0,0,0,0.2,0.2,0.2,0.006060264
1.41,-0.3,1.41,0,0,0,0.2,0.2,0.2,0.006061601
1.41,-0.3,1.41,0,0,0,0.2,0.2,0.2,0.006060091
1.41,-0.3,1.41,0,0,0,0.2,0.2,0.2,0.006060865
1.41,-0.3,1.41,0,0,0,0.2,0.2,0.2,0.006060971
1.41,-0.3,1.41,0,0,0,0.2,0.2,0.2,0.006060199
1.41,-0.3,1.41,0,0,0,0.2,0.2,0.2,0.006060765
1.41,-0.3,1.41,0,0,0,0.2,0.2,0.2,0.006061066
1.41,-0.3,1.41,0,0,0,0.2,0.2,0.2,0.006060323
1.41,-0.3,1.41,0,0,0,0.2,0.2,0.2,0.006060792
1.41,-0.3,1.41,0,0,0,0.2,0.2,0.2,0.006060771
1.41,-0.3,1.41,0,0,0,0.2,0.2,0.2,0.006060757
1.41,-0.3,1.41,0,0,0,0.2,0.2,0.2,0.006061317
1.41,-0.3,1.41,0,0,0,0.2,0.2,0.2,0.006059951
1.41,-0.3,1.41,0,0,0,0.2,0.2,0.2,0.006060805
1.41,-0.3,1.41,0,0,0,0.2,0.2,0.2,0.006061328
1.41,-0.3,1.41,0,0,0,0.2,0.2,0.2,0.006060277
1.41,-0.3,1.41,0,0,0,0.2,0.2,0.2,0.006060984
1.41,-0.3,1.41,0,0,0,0.2,0.2,0.2,0.006060268
1.41,-0.3,1.41,0,0,0,0.2,0.2,0.2,0.00606096
1.41,-0.3,1.41,0,0,0,0.2,0.2,0.2,0.006060831
1.41,-0.3,1.41,0,0,0,0.2,0.2,0.2,0.006060326
1.41,-0.3,1.41,0,0,0,0.2,0.2,0.2,0.006060629
1.41,-0.3,1.41,0,0,0,0.2,0.2,0.2,0.006061159
1.41,-0.3,1.41,0,0,0,0.2,0.2,0.2,0.006060311
1.41,-0.3,1.41,0,0,0,0.2,0.2,0.2,0.006061217
1.41,-0.3,1.41,0,0,0,0.2,0.2,0.2,0.006060116
1.41,-0.3,1.41,0,0,0,0.2,0.2,0.2,0.00606078
1.41,-0.3,1.41,0,0,0,0.2,0.2,0.2,0.00606116
1.41,-0.3,1.41,0,0,0,0.2,0.2,0.2,0.006060203
1.41,-0.3,1.41,0,0,0,0.2,0.2,0.2,0.006060629
1.41,-0.3,1.41,0,0,0,0.2,0.2,0.2,0.006061664
1.41,-0.3,1.41,0,0,0,0.2,0.2,0.2,0.006060674
1.41,-0.3,1.41,0,0,0,0.2,0.2,0.2,0.006061384
1.41,-0.3,1.41,0,0,0,0.2,0.2,0.2,0.006059951
1.41,-0.3,1.41,0,0,0,0.2,0.2,0.2,0.006060424
1.41,-0.3,1.41,0,0,0,0.2,0.2,0.2,0.006061
1.41,-0.3,1.41,0,0,0,0.2,0.2,0.2,0.006060737
1.41,-0.3,1.41,0,0,0,0.2,0.2,0.2,0.006061018
1.41,-0.3,1.41,0,0,0,0.2,0.2,0.2,0.00606023
1.41,-0.3,1.41,0,0,0,0.2,0.2,0.2,0.00606058
1.41,-0.3,1.41,0,0,0,0.2,0.2,0.2,0.006061542
1.41,-0.3,1.41,0,0,0,0.2,0.2,0.2,0.006059902
1.41,-0.3,1.41,0,0,0,0.2,0.2,0.2,0.006060806
1.41,-0.3,1.41,0,0,0,0.2,0.2,0.2,0.006060863
1.41,-0.3,1.41,0,0,0,0.2,0.2,0.2,0.006060627
1.41,-0.3,1.41,0,0,0,0.2,0.2,0.2,0.006061154
1.41,-0.3,1.41,0,0,0,0.2,0.2,0.2,0.006060516
1.41,-0.3,1.41,0,0,0,0.2,0.2,0.2,0.006060434
1.41,-0.3,1.41,0,0,0,0.2,0.2,0.2,0.006060969
1.41,-0.3,1.41,0,0,0,0.2,0.2,0.2,0.006060448
1.41,-0.3,1.41,0,0,0,0.2,0.2,0.2,0.006061283
1.41,-0.3,1.41,0,0,0,0.2,0.2,0.2,0.006060582
1.41,-0.3,1.41,0,0,0,0.2,0.2,0.2,0.006060176
1.41,-0.3,1.41,0,0,0,0.2,0.2,0.2,0.006061234
1.41,-0.3,1.41,0,0,0,0.2,0.2,0.2,0.006060241
1.41,-0.3,1.41,0,0,0,0.2,0.2,0.2,0.006060655
1.41,-0.3,1.41,0,0,0,0.2,0.2,0.2,0.006061558
1.41,-0.3,1.41,0,0,0,0.2,0.2,0.2,0.006060107
1.41,-0.3,1.41,0,0,0,0.2,0.2,0.2,0.006061264
1.41,-0.3,1.41,0,0,0,0.2,0.2,0.2,0.006060213
1.41,-0.3,1.41,0,0,0,0.2,0.2,0.2,0.006060733
1.41,-0.3,1.41,0,0,0,0.2,0.2,0.2,0.006061563
1.41,-0.3,1.41,0,0,0,0.2,0.2,0.2,0.006059162
1.41,-0.3,1.41,0,0,0,0.2,0.2,0.2,0.006061461
1.41,-0.3,1.41,0,0,0,0.2,0.2,0.2,0.006061064
1.41,-0.3,1.41,0,0,0,0.2,0.2,0.2,0.006060201
1.41,-0.3,1.41,0,0,0,0.2,0.2,0.2,0.006061311
1.41,-0.3,1.41,0,0,0,0.2,0.2,0.2,0.006060092
1.41,-0.3,1.41,0,0,0,0.2,0.2,0.2,0.006061178
1.41,-0.3,1.41,0,0,0,0.2,0.2,0.2,0.006060844
1.41,-0.3,1.41,0,0,0,0.2,0.2,0.2,0.006060344
1.41,-0.3,1.41,0,0,0,0.2,0.2,0.2,0.006060658
1.41,-0.3,1.41,0,0,0,0.2,0.2,0.2,0.006061213
1.41,-0.3,1.41,0,0,0,0.2,0.2,0.2,0.006060143
1.41,-0.3,1.41,0,0,0,0.2,0.2,0.2,0.006060887
1.41,-0.3,1.41,0,0,0,0.2,0.2,0.2,0.006060735
1.41,-0.3,1.41,0,0,0,0.2,0.2,0.2,0.006060783
1.41,-0.3,1.41,0,0,0,0.2,0.2,0.2,0.006060872
1.41,-0.3,1.41,0,0,0,0.2,0.2,0.2,0.006060553
1.41,-0.3,1.41,0,0,0,0.2,0.2,0.2,0.006061381
1.41,-0.3,1.41,0,0,0,0.2,0.2,0.2,0.006059939
1.41,-0.3,1.41,0,0,0,0.2,0.2,0.2,0.006060905
1.41,-0.3,1.41,0,0,0,0.2,0.2,0.2,0.006061052
1.41,-0.3,1.41,0,0,0,0.2,0.2,0.2,0.006060302
1.41,-0.3,1.41,0,0,0,0.2,0.2,0.2,0.00606059
1.41,-0.3,1.41,0,0,0,0.2,0.2,0.2,0.006061208
1.41,-0.3,1.41,0,0,0,0.2,0.2,0.2,0.006060456
1.41,-0.3,1.41,0,0,0,0.2,0.2,0.2,0.00606097
1.41,-0.3,1.41,0,0,0,0.2,0.2,0.2,0.006060272
1.41,-0.3,1.41,0,0,0,0.2,0.2,0.2,0.006060778
1.41,-0.3,1.41,0,0,0,0.2,0.2,0.2,0.006061268
1.41,-0.3,1.41,0,0,0,0.2,0.2,0.2,0.00606032
1.41,-0.3,1.41,0,0,0,0.2,0.2,0.2,0.006060538
1.41,-0.3,1.41,0,0,0,0.2,0.2,0.2,0.006061013
1.41,-0.3,1.41,0,0,0,0.2,0.2,0.2,0.006060705
1.41,-0.3,1.41,0,0,0,0.2,0.2,0.2,0.006061027
1.41,-0.3,1.41,0,0,0,0.2,0.2,0.2,0.006060879
1.41,-0.3,1.41,0,0,0,0.2,0.2,0.2,0.006060141
1.41,-0.3,1.41,0,0,0,0.2,0.2,0.2,0.006061652
1.41,-0.3,1.41,0,0,0,0.2,0.2,0.2,0.006059905
1.41,-0.3,1.41,0,0,0,0.2,0.2,0.2,0.006061278
1.41,-0.3,1.41,0,0,0,0.2,0.2,0.2,0.006060664
1.41,-0.3,1.41,0,0,0,0.2,0.2,0.2,0.006060247
1.41,-0.3,1.41,0,0,0,0.2,0.2,0.2,0.006061584
1.41,-0.3,1.41,0,0,0,0.2,0.2,0.2,0.006060053
1.41,-0.3,1.41,0,0,0,0.2,0.2,0.2,0.006061105
1.41,-0.3,1.41,0,0,0,0.2,0.2,0.2,0.006060433
1.41,-0.3,1.41,0,0,0,0.2,0.2,0.2,0.006060627
1.41,-0.3,1.41,0,0,0,0.2,0.2,0.2,0.006061881
1.41,-0.3,1.41,0,0,0,0.2,0.2,0.2,0.006059612
1.41,-0.3,1.41,0,0,0,0.2,0.2,0.2,0.006060641
1.41,-0.3,1.41,0,0,0,0.2,0.2,0.2,0.006061316
1.41,-0.3,1.41,0,0,0,0.2,0.2,0.2,0.006060214
1.41,-0.3,1.41,0,0,0,0.2,0.2,0.2,0.00606204
1.41,-0.3,1.41,0,0,0,0.2,0.2,0.2,0.006059318
1.41,-0.3,1.41,0,0,0,0.2,0.2,0.2,0.006061318
1.41,-0.3,1.41,0,0,0,0.2,0.2,0.2,0.00606132
1.41,-0.3,1.41,0,0,0,0.2,0.2,0.2,0.006059859
1.41,-0.3,1.41,0,0,0,0.2,0.2,0.2,0.006061444
1.41,-0.3,1.41,0,0,0,0.2,0.2,0.2,0.006060447
1.41,-0.3,1.41,0,0,0,0.2,0.2,0.2,0.006060049
1.41,-0.3,1.41,0,0,0,0.2,0.2,0.2,0.006061779
1.41,-0.3,1.41,0,0,0,0.2,0.2,0.2,0.006059774
1.41,-0.3,1.41,0,0,0,0.2,0.2,0.2,0.00606087
1.41,-0.3,1.41,0,0,0,0.2,0.2,0.2,0.006061267
1.41,-0.3,1.41,0,0,0,0.2,0.2,0.2,0.006060162
1.41,-0.3,1.41,0,0,0,0.2,0.2,0.2,0.006061041
1.41,-0.3,1.41,0,0,0,0.2,0.2,0.2,0.006060191
1.41,-0.3,1.41,0,0,0,0.2,0.2,0.2,0.006060755
1.41,-0.3,1.41,0,0,0,0.2,0.2,0.2,0.006061358
1.41,-0.3,1.41,0,0,0,0.2,0.2,0.2,0.006060003
1.41,-0.3,1.41,0,0,0,0.2,0.2,0.2,0.006061574
1.41,-0.3,1.41,0,0,0,0.2,0.2,0.2,0.006060459
1.41,-0.3,1.41,0,0,0,0.2,0.2,0.2,0.006060402
1.41,-0.3,1.41,0,0,0,0.2,0.2,0.2,0.006061316
1.41,-0.3,1.41,0,0,0,0.2,0.2,0.2,0.006060233
1.41,-0.3,1.41,0,0,0,0.2,0.2,0.2,0.006060625
1.41,-0.3,1.41,0,0,0,0.2,0.2,0.2,0.006061463
1.41,-0.3,1.41,0,0,0,0.2,0.2,0.2,0.006060108
1.41,-0.3,1.41,0,0,0,0.2,0.2,0.2,0.006061143
1.41,-0.3,1.41,0,0,0,0.2,0.2,0.2,0.006060103
1.41,-0.3,1.41,0,0,0,0.2,0.2,0.2,0.006060925
1.41,-0.3,1.41,0,0,0,0.2,0.2,0.2,0.006061346
1.41,-0.3,1.41,0,0,0,0.2,0.2,0.2,0.006060113
1.41,-0.3,1.41,0,0,0,0.2,0.2,0.2,0.006060663
1.41,-0.3,1.41,0,0,0,0.2,0.2,0.2,0.006061004
1.41,-0.3,1.41,0,0,0,0.2,0.2,0.2,0.006060377
1.41,-0.3,1.41,0,0,0,0.2,0.2,0.2,0.006061438
1.41,-0.3,1.41,0,0,0,0.2,0.2,0.2,0.006059986
1.41,-0.3,1.41,0,0,0,0.2,0.2,0.2,0.006060592
1.41,-0.3,1.41,0,0,0,0.2,0.2,0.2,0.006061409
1.41,-0.3,1.41,0,0,0,0.2,0.2,0.2,0.006060066
1.41,-0.3,1.41,0,0,0,0.2,0.2,0.2,0.006060753
1.41,-0.3,1.41,0,0,0,0.2,0.2,0.2,0.006060858
1.41,-0.3,1.41,0,0,0,0.2,0.2,0.2,0.006060553
1.41,-0.3,1.41,0,0,0,0.2,0.2,0.2,0.006061429
1.41,-0.3,1.41,0,0,0,0.2,0.2,0.2,0.006059825
1.41,-0.3,1.41,0,0,0,0.2,0.2,0.2,0.006061164
1.41,-0.3,1.41,0,0,0,0.2,0.2,0.2,0.006060874
1.41,-0.3,1.41,0,0,0,0.2,0.2,0.2,0.006060324
1.41,-0.3,1.41,0,0,0,0.2,0.2,0.2,0.006060673
1.41,-0.3,1.41,0,0,0,0.2,0.2,0.2,0.006060734
1.41,-0.3,1.41,0,0,0,0.2,0.2,0.2,0.00606071
1.41,-0.3,1.41,0,0,0,0.2,0.2,0.2,0.006061105
1.41,-0.3,1.41,0,0,0,0.2,0.2,0.2,0.006060257
1.41,-0.3,1.41,0,0,0,0.2,0.2,0.2,0.006060768
1.41,-0.3,1.41,0,0,0,0.2,0.2,0.2,0.006061172
1.41,-0.3,1.41,0,0,0,0.2,0.2,0.2,0.006060269
1.41,-0.3,1.41,0,0,0,0.2,0.2,0.2,0.006061448
1.41,-0.3,1.41,0,0,0,0.2,0.2,0.2,0.006060127
1.41,-0.3,1.41,0,0,0,0.2,0.2,0.2,0.006060873
1.41,-0.3,1.41,0,0,0,0.2,0.2,0.2,0.006060848
1.41,-0.3,1.41,0,0,0,0.2,0.2,0.2,0.006060308
1.41,-0.3,1.41,0,0,0,0.2,0.2,0.2,0.006060825
1.41,-0.3,1.41,0,0,0,0.2,0.2,0.2,0.006061083
1.41,-0.3,1.41,0,0,0,0.2,0.2,0.2,0.006060281
1.41,-0.3,1.41,0,0,0,0.2,0.2,0.2,0.006060643
1.41,-0.3,1.41,0,0,0,0.2,0.2,0.2,0.006060838
1.41,-0.3,1.41,0,0,0,0.2,0.2,0.2,0.006060841
1.41,-0.3,1.41,0,0,0,0.2,0.2,0.2,0.006061291
1.41,-0.3,1.41,0,0,0,0.2,0.2,0.2,0.006060241
1.41,-0.3,1.41,0,0,0,0.2,0.2,0.2,0.006060599
1.41,-0.3,1.41,0,0,0,0.2,0.2,0.2,0.006060991
1.41,-0.3,1.41,0,0,0,0.2,0.2,0.2,0.006060619
1.41,-0.3,1.41,0,0,0,0.2,0.2,0.2,0.006060996
1.41,-0.3,1.41,0,0,0,0.2,0.2,0.2,0.00606032
1.41,-0.3,1.41,0,0,0,0.2,0.2,0.2,0.006060111
1.41,-0.3,1.41,0,0,0,0.2,0.2,0.2,0.006061749
1.41,-0.3,1.41,0,0,0,0.2,0.2,0.2,0.006060319
1.41,-0.3,1.41,0,0,0,0.2,0.2,0.2,0.006061189
1.41,-0.3,1.41,0,0,0,0.2,0.2,0.2,0.006060304
1.41,-0.3,1.41,0,0,0,0.2,0.2,0.2,0.00606048
1.41,-0.3,1.41,0,0,0,0.2,0.2,0.2,0.006061283
1.41,-0.3,1.41,0,0,0,0.2,0.2,0.2,0.006060341
1.41,-0.3,1.41,0,0,0,0.2,0.2,0.2,0.006060623
1.41,-0.3,1.41,0,0,0,0.2,0.2,0.2,0.006061308
1.41,-0.3,1.41,0,0,0,0.2,0.2,0.2,0.006060151
1.41,-0.3,1.41,0,0,0,0.2,0.2,0.2,0.006061272
1.41,-0.3,1.41,0,0,0,0.2,0.2,0.2,0.006060447
1.41,-0.3,1.41,0,0,0,0.2,0.2,0.2,0.006060727
1.41,-0.3,1.41,0,0,0,0.2,0.2,0.2,0.006061258
1.41,-0.3,1.41,0,0,0,0.2,0.2,0.2,0.006060328
1.41,-0.3,1.41,0,0,0,0.2,0.2,0.2,0.006061578
1.41,-0.3,1.41,0,0,0,0.2,0.2,0.2,0.006060091
1.41,-0.3,1.41,0,0,0,0.2,0.2,0.2,0.006060352
1.41,-0.3,1.41,0,0,0,0.2,0.2,0.2,0.006061103
1.41,-0.3,1.41,0,0,0,0.2,0.2,0.2,0.006060659
1.41,-0.3,1.41,0,0,0,0.2,0.2,0.2,0.006060448
1.41,-0.3,1.41,0,0,0,0.2,0.2,0.2,0.006061123
1.41,-0.3,1.41,0,0,0,0.2,0.2,0.2,0.006060467
1.41,-0.3,1.41,0,0,0,0.2,0.2,0.2,0.006061316
1.41,-0.3,1.41,0,0,0,0.2,0.2,0.2,0.00605998
1.41,-0.3,1.41,0,0,0,0.2,0.2,0.2,0.006060936
1.41,-0.3,1.41,0,0,0,0.2,0.2,0.2,0.006061035
1.41,-0.3,1.41,0,0,0,0.2,0.2,0.2,0.006060145
1.41,-0.3,1.41,0,0,0,0.2,0.2,0.2,0.00606185
1.41,-0.3,1.41,0,0,0,0.2,0.2,0.2,0.006066884
1.41,-0.3,1.41,0,0,0,0.2,0.2,0.2,0.006060262
1.41,-0.3,1.41,0,0,0,0.2,0.2,0.2,0.006060579
1.41,-0.3,1.41,0,0,0,0.2,0.2,0.2,0.006061304
1.41,-0.3,1.41,0,0,0,0.2,0.2,0.2,0.006060189
1.41,-0.3,1.41,0,0,0,0.2,0.2,0.2,0.006060895
1.41,-0.3,1.41,0,0,0,0.2,0.2,0.2,0.006060922
1.41,-0.3,1.41,0,0,0,0.2,0.2,0.2,0.006060274
1.41,-0.3,1.41,0,0,0,0.2,0.2,0.2,0.006061592
1.41,-0.3,1.41,0,0,0,0.2,0.2,0.2,0.006060135
1.41,-0.3,1.41,0,0,0,0.2,0.2,0.2,0.006060907
1.41,-0.3,1.41,0,0,0,0.2,0.2,0.2,0.006061021
1.41,-0.3,1.41,0,0,0,0.2,0.2,0.2,0.006060065
1.41,-0.3,1.41,0,0,0,0.2,0.2,0.2,0.006060894
1.41,-0.3,1.41,0,0,0,0.2,0.2,0.2,0.006060494
1.41,-0.3,1.41,0,0,0,0.2,0.2,0.2,0.006060874
1.41,-0.3,1.41,0,0,0,0.2,0.2,0.2,0.006060951
1.41,-0.3,1.41,0,0,0,0.2,0.2,0.2,0.006060235
1.41,-0.3,1.41,0,0,0,0.2,0.2,0.2,0.006060994
1.41,-0.3,1.41,0,0,0,0.2,0.2,0.2,0.006061194
1.41,-0.3,1.41,0,0,0,0.2,0.2,0.2,0.006060186
1.41,-0.3,1.41,0,0,0,0.2,0.2,0.2,0.006060459
1.41,-0.3,1.41,0,0,0,0.2,0.2,0.2,0.006061039
1.41,-0.3,1.41,0,0,0,0.2,0.2,0.2,0.006060596
1.41,-0.3,1.41,0,0,0,0.2,0.2,0.2,0.00606132
1.41,-0.3,1.41,0,0,0,0.2,0.2,0.2,0.006060057
1.41,-0.3,1.41,0,0,0,0.2,0.2,0.2,0.006060752
1.41,-0.3,1.41,0,0,0,0.2,0.2,0.2,0.006061172
1.41,-0.3,1.41,0,0,0,0.2,0.2,0.2,0.006060193
1.41,-0.3,1.41,0,0,0,0.2,0.2,0.2,0.006061686
1.41,-0.3,1.41,0,0,0,0.2,0.2,0.2,0.006059604
1.41,-0.3,1.41,0,0,0,0.2,0.2,0.2,0.006060943
1.41,-0.3,1.41,0,0,0,0.2,0.2,0.2,0.00606133
1.41,-0.3,1.41,0,0,0,0.2,0.2,0.2,0.006059619
1.41,-0.3,1.41,0,0,0,0.2,0.2,0.2,0.006061297
1.41,-0.3,1.41,0,0,0,0.2,0.2,0.2,0.00606112
1.41,-0.3,1.41,0,0,0,0.2,0.2,0.2,0.00606038
1.41,-0.3,1.41,0,0,0,0.2,0.2,0.2,0.006061189
1.41,-0.3,1.41,0,0,0,0.2,0.2,0.2,0.006060065
1.41,-0.3,1.41,0,0,0,0.2,0.2,0.2,0.006060817
1.41,-0.3,1.41,0,0,0,0.2,0.2,0.2,0.006061371
1.41,-0.3,1.41,0,0,0,0.2,0.2,0.2,0.006060038
1.41,-0.3,1.41,0,0,0,0.2,0.2,0.2,0.006060732
1.41,-0.3,1.41,0,0,0,0.2,0.2,0.2,0.006061032
1.41,-0.3,1.41,0,0,0,0.2,0.2,0.2,0.006060187
1.41,-0.3,1.41,0,0,0,0.2,0.2,0.2,0.00606099
1.41,-0.3,1.41,0,0,0,0.2,0.2,0.2,0.006060738
1.41,-0.3,1.41,0,0,0,0.2,0.2,0.2,0.006060669
1.41,-0.3,1.41,0,0,0,0.2,0.2,0.2,0.00606078
1.41,-0.3,1.41,0,0,0,0.2,0.2,0.2,0.006060556
1.41,-0.3,1.41,0,0,0,0.2,0.2,0.2,0.006061476
1.41,-0.3,1.41,0,0,0,0.2,0.2,0.2,0.006060226
1.41,-0.3,1.41,0,0,0,0.2,0.2,0.2,0.00606077
1.41,-0.3,1.41,0,0,0,0.2,0.2,0.2,0.006061186
1.41,-0.3,1.41,0,0,0,0.2,0.2,0.2,0.006060127
1.41,-0.3,1.41,0,0,0,0.2,0.2,0.2,0.006060902
1.41,-0.3,1.41,0,0,0,0.2,0.2,0.2,0.006060785
1.41,-0.3,1.41,0,0,0,0.2,0.2,0.2,0.006060871
1.41,-0.3,1.41,0,0,0,0.2,0.2,0.2,0.00606099
1.41,-0.3,1.41,0,0,0,0.2,0.2,0.2,0.006060358
1.41,-0.3,1.41,0,0,0,0.2,0.2,0.2,0.006060753
1.41,-0.3,1.41,0,0,0,0.2,0.2,0.2,0.006060961
1.41,-0.3,1.41,0,0,0,0.2,0.2,0.2,0.006060474
1.41,-0.3,1.41,0,0,0,0.2,0.2,0.2,0.006061153
1.41,-0.3,1.41,0,0,0,0.2,0.2,0.2,0.006060431
1.41,-0.3,1.41,0,0,0,0.2,0.2,0.2,0.006060567
1.41,-0.3,1.41,0,0,0,0.2,0.2,0.2,0.006060988
1.41,-0.3,1.41,0,0,0,0.2,0.2,0.2,0.006060438
1.41,-0.3,1.41,0,0,0,0.2,0.2,0.2,0.006060543
1.41,-0.3,1.41,0,0,0,0.2,0.2,0.2,0.006061347
1.41,-0.3,1.41,0,0,0,0.2,0.2,0.2,0.00606029
1.41,-0.3,1.41,0,0,0,0.2,0.2,0.2,0.006061096
1.41,-0.3,1.41,0,0,0,0.2,0.2,0.2,0.006060229
1.41,-0.3,1.41,0,0,0,0.2,0.2,0.2,0.006060896
1.41,-0.3,1.41,0,0,0,0.2,0.2,0.2,0.00606107
1.41,-0.3,1.41,0,0,0,0.2,0.2,0.2,0.006060201
1.41,-0.3,1.41,0,0,0,0.2,0.2,0.2,0.006061567
1.41,-0.3,1.41,0,0,0,0.2,0.2,0.2,0.006060128
1.41,-0.3,1.41,0,0,0,0.2,0.2,0.2,0.006060567
1.41,-0.3,1.41,0,0,0,0.2,0.2,0.2,0.006061018
1.41,-0.3,1.41,0,0,0,0.2,0.2,0.2,0.006060515
1.41,-0.3,1.41,0,0,0,0.2,0.2,0.2,0.006060661
1.41,-0.3,1.41,0,0,0,0.2,0.2,0.2,0.006061241
1.41,-0.3,1.41,0,0,0,0.2,0.2,0.2,0.006060722
1.41,-0.3,1.41,0,0,0,0.2,0.2,0.2,0.006060595
1.41,-0.3,1.41,0,0,0,0.2,0.2,0.2,0.006060377
1.41,-0.3,1.41,0,0,0,0.2,0.2,0.2,0.006060591
1.41,-0.3,1.41,0,0,0,0.2,0.2,0.2,0.006061437
1.41,-0.3,1.41,0,0,0,0.2,0.2,0.2,0.006060433
1.41,-0.3,1.41,0,0,0,0.2,0.2,0.2,0.006060225
1.41,-0.3,1.41,0,0,0,0.2,0.2,0.2,0.00606117
1.41,-0.3,1.41,0,0,0,0.2,0.2,0.2,0.006060209
1.41,-0.3,1.41,0,0,0,0.2,0.2,0.2,0.006060793
1.41,-0.3,1.41,0,0,0,0.2,0.2,0.2,0.006060784
1.41,-0.3,1.41,0,0,0,0.2,0.2,0.2,0.006060657
1.41,-0.3,1.41,0,0,0,0.2,0.2,0.2,0.006061268
1.41,-0.3,1.41,0,0,0,0.2,0.2,0.2,0.006060106
1.41,-0.3,1.41,0,0,0,0.2,0.2,0.2,0.006060854
1.41,-0.3,1.41,0,0,0,0.2,0.2,0.2,0.006061144
1.41,-0.3,1.41,0,0,0,0.2,0.2,0.2,0.006060171
1.41,-0.3,1.41,0,0,0,0.2,0.2,0.2,0.006061187
1.41,-0.3,1.41,0,0,0,0.2,0.2,0.2,0.006060405
1.41,-0.3,1.41,0,0,0,0.2,0.2,0.2,0.006060559
1.41,-0.3,1.41,0,0,0,0.2,0.2,0.2,0.006061373
1.41,-0.3,1.41,0,0,0,0.2,0.2,0.2,0.006060235
1.41,-0.3,1.41,0,0,0,0.2,0.2,0.2,0.006060737
1.41,-0.3,1.41,0,0,0,0.2,0.2,0.2,0.0060616
1.41,-0.3,1.41,0,0,0,0.2,0.2,0.2,0.006059853
1.41,-0.3,1.41,0,0,0,0.2,0.2,0.2,0.006061356
1.41,-0.3,1.41,0,0,0,0.2,0.2,0.2,0.006060207
1.41,-0.3,1.41,0,0,0,0.2,0.2,0.2,0.006060507
1.41,-0.3,1.41,0,0,0,0.2,0.2,0.2,0.006061082
1.41,-0.3,1.41,0,0,0,0.2,0.2,0.2,0.006060356
1.41,-0.3,1.41,0,0,0,0.2,0.2,0.2,0.006060768
1.41,-0.3,1.41,0,0,0,0.2,0.2,0.2,0.006061191
1.41,-0.3,1.41,0,0,0,0.2,0.2,0.2,0.006060323
1.41,-0.3,1.41,0,0,0,0.2,0.2,0.2,0.006061108
1.41,-0.3,1.41,0,0,0,0.2,0.2,0.2,0.006060274
1.41,-0.3,1.41,0,0,0,0.2,0.2,0.2,0.006060879
1.41,-0.3,1.41,0,0,0,0.2,0.2,0.2,0.006061322
1.41,-0.3,1.41,0,0,0,0.2,0.2,0.2,0.006060383
1.41,-0.3,1.41,0,0,0,0.2,0.2,0.2,0.006061492
1.41,-0.3,1.41,0,0,0,0.2,0.2,0.2,0.006060194
1.41,-0.3,1.41,0,0,0,0.2,0.2,0.2,0.006060775
1.41,-0.3,1.41,0,0,0,0.2,0.2,0.2,0.006061065
1.41,-0.3,1.41,0,0,0,0.2,0.2,0.2,0.006060658
1.41,-0.3,1.41,0,0,0,0.2,0.2,0.2,0.006061373
1.41,-0.3,1.41,0,0,0,0.2,0.2,0.2,0.006059972
1.41,-0.3,1.41,0,0,0,0.2,0.2,0.2,0.006061706
1.41,-0.3,1.41,0,0,0,0.2,0.2,0.2,0.006060402
1.41,-0.3,1.41,0,0,0,0.2,0.2,0.2,0.006060586
1.41,-0.3,1.41,0,0,0,0.2,0.2,0.2,0.006060734
1.41,-0.3,1.41,0,0,0,0.2,0.2,0.2,0.006060413
1.41,-0.3,1.41,0,0,0,0.2,0.2,0.2,0.006060966
1.41,-0.3,1.41,0,0,0,0.2,0.2,0.2,0.006061151
1.41,-0.3,1.41,0,0,0,0.2,0.2,0.2,0.006060344
1.41,-0.3,1.41,0,0,0,0.2,0.2,0.2,0.00606124
1.41,-0.3,1.41,0,0,0,0.2,0.2,0.2,0.00606032
1.41,-0.3,1.41,0,0,0,0.2,0.2,0.2,0.006060361
1.41,-0.3,1.41,0,0,0,0.2,0.2,0.2,0.006061089
1.41,-0.3,1.41,0,0,0,0.2,0.2,0.2,0.006060394
1.41,-0.3,1.41,0,0,0,0.2,0.2,0.2,0.006060835
1.41,-0.3,1.41,0,0,0,0.2,0.2,0.2,0.006061093
1.41,-0.3,1.41,0,0,0,0.2,0.2,0.2,0.006060211
1.41,-0.3,1.41,0,0,0,0.2,0.2,0.2,0.006061133
1.41,-0.3,1.41,0,0,0,0.2,0.2,0.2,0.006060195
1.41,-0.3,1.41,0,0,0,0.2,0.2,0.2,0.006060892
1.41,-0.3,1.41,0,0,0,0.2,0.2,0.2,0.006060842
1.41,-0.3,1.41,0,0,0,0.2,0.2,0.2,0.006060406
1.41,-0.3,1.41,0,0,0,0.2,0.2,0.2,0.006060829
1.41,-0.3,1.41,0,0,0,0.2,0.2,0.2,0.006060876
1.41,-0.3,1.41,0,0,0,0.2,0.2,0.2,0.006060457
1.41,-0.3,1.41,0,0,0,0.2,0.2,0.2,0.006061352
1.41,-0.3,1.41,0,0,0,0.2,0.2,0.2,0.006060066
1.41,-0.3,1.41,0,0,0,0.2,0.2,0.2,0.006060876
1.41,-0.3,1.41,0,0,0,0.2,0.2,0.2,0.006060481
1.41,-0.3,1.41,0,0,0,0.2,0.2,0.2,0.006061316
1.41,-0.3,1.41,0,0,0,0.2,0.2,0.2,0.006060795
1.41,-0.3,1.41,0,0,0,0.2,0.2,0.2,0.006060102
1.41,-0.3,1.41,0,0,0,0.2,0.2,0.2,0.006061088
1.41,-0.3,1.41,0,0,0,0.2,0.2,0.2,0.006060987
1.41,-0.3,1.41,0,0,0,0.2,0.2,0.2,0.006060565
1.41,-0.3,1.41,0,0,0,0.2,0.2,0.2,0.006061416
1.41,-0.3,1.41,0,0,0,0.2,0.2,0.2,0.006060292
1.41,-0.3,1.41,0,0,0,0.2,0.2,0.2,0.006060397
1.41,-0.3,1.41,0,0,0,0.2,0.2,0.2,0.00607587
1.41,-0.3,1.41,0,0,0,0.2,0.2,0.2,0.006061154
1.41,-0.3,1.41,0,0,0,0.2,0.2,0.2,0.006060247
1.41,-0.3,1.41,0,0,0,0.2,0.2,0.2,0.006061072
1.41,-0.3,1.41,0,0,0,0.2,0.2,0.2,0.006060255
1.41,-0.3,1.41,0,0,0,0.2,0.2,0.2,0.006060744
1.41,-0.3,1.41,0,0,0,0.2,0.2,0.2,0.006061241
1.41,-0.3,1.41,0,0,0,0.2,0.2,0.2,0.006060268
1.41,-0.3,1.41,0,0,0,0.2,0.2,0.2,0.006061179
1.41,-0.3,1.41,0,0,0,0.2,0.2,0.2,0.006080475
1.41,-0.3,1.41,0,0,0,0.2,0.2,0.2,0.006060644
1.41,-0.3,1.41,0,0,0,0.2,0.2,0.2,0.006061017
1.41,-0.3,1.41,0,0,0,0.2,0.2,0.2,0.006060477
1.41,-0.3,1.41,0,0,0,0.2,0.2,0.2,0.006060451
1.41,-0.3,1.41,0,0,0,0.2,0.2,0.2,0.006060969
1.41,-0.3,1.41,0,0,0,0.2,0.2,0.2,0.006060698
1.41,-0.3,1.41,0,0,0,0.2,0.2,0.2,0.006061232
1.41,-0.3,1.41,0,0,0,0.2,0.2,0.2,0.006060208
1.41,-0.3,1.41,0,0,0,0.2,0.2,0.2,0.006060675
1.41,-0.3,1.41,0,0,0,0.2,0.2,0.2,0.006061275
1.41,-0.3,1.41,0,0,0,0.2,0.2,0.2,0.0060604
1.41,-0.3,1.41,0,0,0,0.2,0.2,0.2,0.006061027
1.41,-0.3,1.41,0,0,0,0.2,0.2,0.2,0.006060221
1.41,-0.3,1.41,0,0,0,0.2,0.2,0.2,0.006061131
1.41,-0.3,1.41,0,0,0,0.2,0.2,0.2,0.006060988
1.41,-0.3,1.41,0,0,0,0.2,0.2,0.2,0.006060132
1.41,-0.3,1.41,0,0,0,0.2,0.2,0.2,0.006061205
1.41,-0.3,1.41,0,0,0,0.2,0.2,0.2,0.006060429
1.41,-0.3,1.41,0,0,0,0.2,0.2,0.2,0.006060297
1.41,-0.3,1.41,0,0,0,0.2,0.2,0.2,0.006061508
1.41,-0.3,1.41,0,0,0,0.2,0.2,0.2,0.006060113
1.41,-0.3,1.41,0,0,0,0.2,0.2,0.2,0.006060759
1.41,-0.3,1.41,0,0,0,0.2,0.2,0.2,0.006061334
1.41,-0.3,1.41,0,0,0,0.2,0.2,0.2,0.006060142
1.41,-0.3,1.41,0,0,0,0.2,0.2,0.2,0.006060555
1.41,-0.3,1.41,0,0,0,0.2,0.2,0.2,0.00606088
1.41,-0.3,1.41,0,0,0,0.2,0.2,0.2,0.006060426
1.41,-0.3,1.41,0,0,0,0.2,0.2,0.2,0.006061589
1.41,-0.3,1.41,0,0,0,0.2,0.2,0.2,0.006059749
1.41,-0.3,1.41,0,0,0,0.2,0.2,0.2,0.006060823
1.41,-0.3,1.41,0,0,0,0.2,0.2,0.2,0.006061501
1.41,-0.3,1.41,0,0,0,0.2,0.2,0.2,0.006060053
1.41,-0.3,1.41,0,0,0,0.2,0.2,0.2,0.006061416
1.41,-0.3,1.41,0,0,0,0.2,0.2,0.2,0.006060094
1.41,-0.3,1.41,0,0,0,0.2,0.2,0.2,0.006060643
1.41,-0.3,1.41,0,0,0,0.2,0.2,0.2,0.006061155
1.41,-0.3,1.41,0,0,0,0.2,0.2,0.2,0.006060142
1.41,-0.3,1.41,0,0,0,0.2,0.2,0.2,0.006060928
1.41,-0.3,1.41,0,0,0,0.2,0.2,0.2,0.006060975
1.41,-0.3,1.41,0,0,0,0.2,0.2,0.2,0.006060303
1.41,-0.3,1.41,0,0,0,0.2,0.2,0.2,0.0060606
1.41,-0.3,1.41,0,0,0,0.2,0.2,0.2,0.006060735
1.41,-0.3,1.41,0,0,0,0.2,0.2,0.2,0.006060952
1.41,-0.3,1.41,0,0,0,0.2,0.2,0.2,0.006061277
1.41,-0.3,1.41,0,0,0,0.2,0.2,0.2,0.006060253
1.41,-0.3,1.41,0,0,0,0.2,0.2,0.2,0.006060568
1.41,-0.3,1.41,0,0,0,0.2,0.2,0.2,0.006061047
1.41,-0.3,1.41,0,0,0,0.2,0.2,0.2,0.006060448
1.41,-0.3,1.41,0,0,0,0.2,0.2,0.2,0.006061217
1.41,-0.3,1.41,0,0,0,0.2,0.2,0.2,0.00606013
1.41,-0.3,1.41,0,0,0,0.2,0.2,0.2,0.006061057
1.41,-0.3,1.41,0,0,0,0.2,0.2,0.2,0.00606088
1.41,-0.3,1.41,0,0,0,0.2,0.2,0.2,0.006060152
1.41,-0.3,1.41,0,0,0,0.2,0.2,0.2,0.00606144
1.41,-0.3,1.41,0,0,0,0.2,0.2,0.2,0.006060519
1.41,-0.3,1.41,0,0,0,0.2,0.2,0.2,0.006060502
1.41,-0.3,1.41,0,0,0,0.2,0.2,0.2,0.006061056
1.41,-0.3,1.41,0,0,0,0.2,0.2,0.2,0.006060244
1.41,-0.3,1.41,0,0,0,0.2,0.2,0.2,0.006061
1.41,-0.3,1.41,0,0,0,0.2,0.2,0.2,0.006060722
1.41,-0.3,1.41,0,0,0,0.2,0.2,0.2,0.006060477
1.41,-0.3,1.41,0,0,0,0.2,0.2,0.2,0.006060465
1.41,-0.3,1.41,0,0,0,0.2,0.2,0.2,0.00606094
1.41,-0.3,1.41,0,0,0,0.2,0.2,0.2,0.00606075
1.41,-0.3,1.41,0,0,0,0.2,0.2,0.2,0.006060878
1.41,-0.3,1.41,0,0,0,0.2,0.2,0.2,0.006060899
1.41,-0.3,1.41,0,0,0,0.2,0.2,0.2,0.006060282
1.41,-0.3,1.41,0,0,0,0.2,0.2,0.2,0.006061222
1.41,-0.3,1.41,0,0,0,0.2,0.2,0.2,0.006060502
1.41,-0.3,1.41,0,0,0,0.2,0.2,0.2,0.006060782
1.41,-0.3,1.41,0,0,0,0.2,0.2,0.2,0.006060324
1.41,-0.3,1.41,0,0,0,0.2,0.2,0.2,0.006060898
1.41,-0.3,1.41,0,0,0,0.2,0.2,0.2,0.006061186
1.41,-0.3,1.41,0,0,0,0.2,0.2,0.2,0.00606023
1.41,-0.3,1.41,0,0,0,0.2,0.2,0.2,0.006060633
1.41,-0.3,1.41,0,0,0,0.2,0.2,0.2,0.006061102
1.41,-0.3,1.41,0,0,0,0.2,0.2,0.2,0.006060413
1.41,-0.3,1.41,0,0,0,0.2,0.2,0.2,0.006061346
1.41,-0.3,1.41,0,0,0,0.2,0.2,0.2,0.006060006
1.41,-0.3,1.41,0,0,0,0.2,0.2,0.2,0.006060808
1.41,-0.3,1.41,0,0,0,0.2,0.2,0.2,0.006061412
1.41,-0.3,1.41,0,0,0,0.2,0.2,0.2,0.00606004
1.41,-0.3,1.41,0,0,0,0.2,0.2,0.2,0.006061601
1.41,-0.3,1.41,0,0,0,0.2,0.2,0.2,0.006059911
1.41,-0.3,1.41,0,0,0,0.2,0.2,0.2,0.006060686
1.41,-0.3,1.41,0,0,0,0.2,0.2,0.2,0.006061309
1.41,-0.3,1.41,0,0,0,0.2,0.2,0.2,0.006060214
1.41,-0.3,1.41,0,0,0,0.2,0.2,0.2,0.006060503
1.41,-0.3,1.41,0,0,0,0.2,0.2,0.2,0.006060838
1.41,-0.3,1.41,0,0,0,0.2,0.2,0.2,0.006060525
1.41,-0.3,1.41,0,0,0,0.2,0.2,0.2,0.006061326
1.41,-0.3,1.41,0,0,0,0.2,0.2,0.2,0.006060482
1.41,-0.3,1.41,0,0,0,0.2,0.2,0.2,0.006060414
1.41,-0.3,1.41,0,0,0,0.2,0.2,0.2,0.006061413
1.41,-0.3,1.41,0,0,0,0.2,0.2,0.2,0.006060296
1.41,-0.3,1.41,0,0,0,0.2,0.2,0.2,0.006060563
1.41,-0.3,1.41,0,0,0,0.2,0.2,0.2,0.006061022
1.41,-0.3,1.41,0,0,0,0.2,0.2,0.2,0.006060899
1.41,-0.3,1.41,0,0,0,0.2,0.2,0.2,0.006061101
1.41,-0.3,1.41,0,0,0,0.2,0.2,0.2,0.006060158
1.41,-0.3,1.41,0,0,0,0.2,0.2,0.2,0.006061047
1.41,-0.3,1.41,0,0,0,0.2,0.2,0.2,0.006060889
1.41,-0.3,1.41,0,0,0,0.2,0.2,0.2,0.006059843
1.41,-0.3,1.41,0,0,0,0.2,0.2,0.2,0.006060983
1.41,-0.3,1.41,0,0,0,0.2,0.2,0.2,0.006060685
1.41,-0.3,1.41,0,0,0,0.2,0.2,0.2,0.006060734
1.41,-0.3,1.41,0,0,0,0.2,0.2,0.2,0.006061127
1.41,-0.3,1.41,0,0,0,0.2,0.2,0.2,0.00606022
1.41,-0.3,1.41,0,0,0,0.2,0.2,0.2,0.006060806
1.41,-0.3,1.41,0,0,0,0.2,0.2,0.2,0.006060946
1.41,-0.3,1.41,0,0,0,0.2,0.2,0.2,0.006060466
1.41,-0.3,1.41,0,0,0,0.2,0.2,0.2,0.00606041
1.41,-0.3,1.41,0,0,0,0.2,0.2,0.2,0.006061101
1.41,-0.3,1.41,0,0,0,0.2,0.2,0.2,0.006060686
1.41,-0.3,1.41,0,0,0,0.2,0.2,0.2,0.006061191
1.41,-0.3,1.41,0,0,0,0.2,0.2,0.2,0.006060217
1.41,-0.3,1.41,0,0,0,0.2,0.2,0.2,0.006060689
1.41,-0.3,1.41,0,0,0,0.2,0.2,0.2,0.006061041
1.41,-0.3,1.41,0,0,0,0.2,0.2,0.2,0.006060442
1.41,-0.3,1.41,0,0,0,0.2,0.2,0.2,0.006061379
1.41,-0.3,1.41,0,0,0,0.2,0.2,0.2,0.00606032
1.41,-0.3,1.41,0,0,0,0.2,0.2,0.2,0.006060455
1.41,-0.3,1.41,0,0,0,0.2,0.2,0.2,0.006061373
1.41,-0.3,1.41,0,0,0,0.2,0.2,0.2,0.00606064
1.41,-0.3,1.41,0,0,0,0.2,0.2,0.2,0.006060796
1.41,-0.3,1.41,0,0,0,0.2,0.2,0.2,0.006060227
1.41,-0.3,1.41,0,0,0,0.2,0.2,0.2,0.006061301
1.41,-0.3,1.41,0,0,0,0.2,0.2,0.2,0.006060861
1.41,-0.3,1.41,0,0,0,0.2,0.2,0.2,0.006060265
1.41,-0.3,1.41,0,0,0,0.2,0.2,0.2,0.00606103
1.41,-0.3,1.41,0,0,0,0.2,0.2,0.2,0.006061133
1.41,-0.3,1.41,0,0,0,0.2,0.2,0.2,0.006061572
1.41,-0.3,1.41,0,0,0,0.2,0.2,0.2,0.00606013
1.41,-0.3,1.41,0,0,0,0.2,0.2,0.2,0.006061046
1.41,-0.3,1.41,0,0,0,0.2,0.2,0.2,0.006060618
1.41,-0.3,1.41,0,0,0,0.2,0.2,0.2,0.006060312
1.41,-0.3,1.41,0,0,0,0.2,0.2,0.2,0.006060983
1.41,-0.3,1.41,0,0,0,0.2,0.2,0.2,0.0060613
1.41,-0.3,1.41,0,0,0,0.2,0.2,0.2,0.006060569
1.41,-0.3,1.41,0,0,0,0.2,0.2,0.2,0.006060166
1.41,-0.3,1.41,0,0,0,0.2,0.2,0.2,0.006060563
1.41,-0.3,1.41,0,0,0,0.2,0.2,0.2,0.006061072
1.41,-0.3,1.41,0,0,0,0.2,0.2,0.2,0.006061031
1.41,-0.3,1.41,0,0,0,0.2,0.2,0.2,0.006060404
1.41,-0.3,1.41,0,0,0,0.2,0.2,0.2,0.006060703
1.41,-0.3,1.41,0,0,0,0.2,0.2,0.2,0.006060802
1.41,-0.3,1.41,0,0,0,0.2,0.2,0.2,0.006060574
1.41,-0.3,1.41,0,0,0,0.2,0.2,0.2,0.006061307
1.41,-0.3,1.41,0,0,0,0.2,0.2,0.2,0.006060098
1.41,-0.3,1.41,0,0,0,0.2,0.2,0.2,0.006060788
1.41,-0.3,1.41,0,0,0,0.2,0.2,0.2,0.006061132
1.41,-0.3,1.41,0,0,0,0.2,0.2,0.2,0.006060102
1.41,-0.3,1.41,0,0,0,0.2,0.2,0.2,0.006061631
1.41,-0.3,1.41,0,0,0,0.2,0.2,0.2,0.006060359
1.41,-0.3,1.41,0,0,0,0.2,0.2,0.2,0.006060291
1.41,-0.3,1.41,0,0,0,0.2,0.2,0.2,0.00606134
1.41,-0.3,1.41,0,0,0,0.2,0.2,0.2,0.006060372
1.41,-0.3,1.41,0,0,0,0.2,0.2,0.2,0.006060764
1.41,-0.3,1.41,0,0,0,0.2,0.2,0.2,0.006061285
1.41,-0.3,1.41,0,0,0,0.2,0.2,0.2,0.006060362
1.41,-0.3,1.41,0,0,0,0.2,0.2,0.2,0.006060345
1.41,-0.3,1.41,0,0,0,0.2,0.2,0.2,0.006060751
1.41,-0.3,1.41,0,0,0,0.2,0.2,0.2,0.006061005
1.41,-0.3,1.41,0,0,0,0.2,0.2,0.2,0.006061075
1.41,-0.3,1.41,0,0,0,0.2,0.2,0.2,0.006060777
1.41,-0.3,1.41,0,0,0,0.2,0.2,0.2,0.006060887
1.41,-0.3,1.41,0,0,0,0.2,0.2,0.2,0.006060216
1.41,-0.3,1.41,0,0,0,0.2,0.2,0.2,0.006060507
1.41,-0.3,1.41,0,0,0,0.2,0.2,0.2,0.006061165
1.41,-0.3,1.41,0,0,0,0.2,0.2,0.2,0.006060237
1.41,-0.3,1.41,0,0,0,0.2,0.2,0.2,0.006060658
1.41,-0.3,1.41,0,0,0,0.2,0.2,0.2,0.006061312
1.41,-0.3,1.41,0,0,0,0.2,0.2,0.2,0.006060121
1.41,-0.3,1.41,0,0,0,0.2,0.2,0.2,0.006060794
1.41,-0.3,1.41,0,0,0,0.2,0.2,0.2,0.006060919
1.41,-0.3,1.41,0,0,0,0.2,0.2,0.2,0.006060522
1.41,-0.3,1.41,0,0,0,0.2,0.2,0.2,0.006061286
1.41,-0.3,1.41,0,0,0,0.2,0.2,0.2,0.006060408
1.41,-0.3,1.41,0,0,0,0.2,0.2,0.2,0.006060721
1.41,-0.3,1.41,0,0,0,0.2,0.2,0.2,0.006061292
1.41,-0.3,1.41,0,0,0,0.2,0.2,0.2,0.006060107
1.41,-0.3,1.41,0,0,0,0.2,0.2,0.2,0.006061409
1.41,-0.3,1.41,0,0,0,0.2,0.2,0.2,0.006060287
1.41,-0.3,1.41,0,0,0,0.2,0.2,0.2,0.00606074
1.41,-0.3,1.41,0,0,0,0.2,0.2,0.2,0.006060979
1.41,-0.3,1.41,0,0,0,0.2,0.2,0.2,0.006060212
1.41,-0.3,1.41,0,0,0,0.2,0.2,0.2,0.006060424
1.41,-0.3,1.41,0,0,0,0.2,0.2,0.2,0.006061326
1.41,-0.3,1.41,0,0,0,0.2,0.2,0.2,0.006060134
1.41,-0.3,1.41,0,0,0,0.2,0.2,0.2,0.006061429
1.41,-0.3,1.41,0,0,0,0.2,0.2,0.2,0.006059973
1.41,-0.3,1.41,0,0,0,0.2,0.2,0.2,0.006060809
1.41,-0.3,1.41,0,0,0,0.2,0.2,0.2,0.006061525
1.41,-0.3,1.41,0,0,0,0.2,0.2,0.2,0.006059913
1.41,-0.3,1.41,0,0,0,0.2,0.2,0.2,0.006061483
1.41,-0.3,1.41,0,0,0,0.2,0.2,0.2,0.006060392
1.41,-0.3,1.41,0,0,0,0.2,0.2,0.2,0.00606038
1.41,-0.3,1.41,0,0,0,0.2,0.2,0.2,0.006060868
1.41,-0.3,1.41,0,0,0,0.2,0.2,0.2,0.006060594
1.41,-0.3,1.41,0,0,0,0.2,0.2,0.2,0.006060924
1.41,-0.3,1.41,0,0,0,0.2,0.2,0.2,0.006061231
1.41,-0.3,1.41,0,0,0,0.2,0.2,0.2,0.006060219
1.41,-0.3,1.41,0,0,0,0.2,0.2,0.2,0.006061214
1.41,-0.3,1.41,0,0,0,0.2,0.2,0.2,0.006060053
1.41,-0.3,1.41,0,0,0,0.2,0.2,0.2,0.006060785
1.41,-0.3,1.41,0,0,0,0.2,0.2,0.2,0.006061353
1.41,-0.3,1.41,0,0,0,0.2,0.2,0.2,0.006060166
1.41,-0.3,1.41,0,0,0,0.2,0.2,0.2,0.006060544
1.41,-0.3,1.41,0,0,0,0.2,0.2,0.2,0.006060977
1.41,-0.3,1.41,0,0,0,0.2,0.2,0.2,0.006060454
1.41,-0.3,1.41,0,0,0,0.2,0.2,0.2,0.006061411
1.41,-0.3,1.41,0,0,0,0.2,0.2,0.2,0.006060671
1.41,-0.3,1.41,0,0,0,0.2,0.2,0.2,0.006060244
1.41,-0.3,1.41,0,0,0,0.2,0.2,0.2,0.006061286
1.41,-0.3,1.41,0,0,0,0.2,0.2,0.2,0.006060061
1.41,-0.3,1.41,0,0,0,0.2,0.2,0.2,0.006061484
1.41,-0.3,1.41,0,0,0,0.2,0.2,0.2,0.006060275
1.41,-0.3,1.41,0,0,0,0.2,0.2,0.2,0.006060579
1.41,-0.3,1.41,0,0,0,0.2,0.2,0.2,0.00606114
1.41,-0.3,1.41,0,0,0,0.2,0.2,0.2,0.006060082
1.41,-0.3,1.41,0,0,0,0.2,0.2,0.2,0.006061097
1.41,-0.3,1.41,0,0,0,0.2,0.2,0.2,0.006060576
1.41,-0.3,1.41,0,0,0,0.2,0.2,0.2,0.006060624
1.41,-0.3,1.41,0,0,0,0.2,0.2,0.2,0.006060582
1.41,-0.3,1.41,0,0,0,0.2,0.2,0.2,0.006060713
1.41,-0.3,1.41,0,0,0,0.2,0.2,0.2,0.00606141
1.41,-0.3,1.41,0,0,0,0.2,0.2,0.2,0.00606108
1.41,-0.3,1.41,0,0,0,0.2,0.2,0.2,0.006060255
1.41,-0.3,1.41,0,0,0,0.2,0.2,0.2,0.006192603
1.41,-0.3,1.41,0,0,0,0.2,0.2,0.2,0.006061014
1.41,-0.3,1.41,0,0,0,0.2,0.2,0.2,0.006060218
1.41,-0.3,1.41,0,0,0,0.2,0.2,0.2,0.006060574
1.41,-0.3,1.41,0,0,0,0.2,0.2,0.2,0.006061314
1.41,-0.3,1.41,0,0,0,0.2,0.2,0.2,0.006060332
1.41,-0.3,1.41,0,0,0,0.2,0.2,0.2,0.006060578
1.41,-0.3,1.41,0,0,0,0.2,0.2,0.2,0.006061107
1.41,-0.3,1.41,0,0,0,0.2,0.2,0.2,0.006060937
1.41,-0.3,1.41,0,0,0,0.2,0.2,0.2,0.006060987
1.41,-0.3,1.41,0,0,0,0.2,0.2,0.2,0.00605998
1.41,-0.3,1.41,0,0,0,0.2,0.2,0.2,0.006060569
1.41,-0.3,1.41,0,0,0,0.2,0.2,0.2,0.006061076
1.41,-0.3,1.41,0,0,0,0.2,0.2,0.2,0.006060496
1.41,-0.3,1.41,0,0,0,0.2,0.2,0.2,0.006060663
1.41,-0.3,1.41,0,0,0,0.2,0.2,0.2,0.006060834
1.41,-0.3,1.41,0,0,0,0.2,0.2,0.2,0.006060555
1.41,-0.3,1.41,0,0,0,0.2,0.2,0.2,0.006061217
1.41,-0.3,1.41,0,0,0,0.2,0.2,0.2,0.006060439
1.41,-0.3,1.41,0,0,0,0.2,0.2,0.2,0.006061272
1.41,-0.3,1.41,0,0,0,0.2,0.2,0.2,0.006060426
1.41,-0.3,1.41,0,0,0,0.2,0.2,0.2,0.006060454
1.41,-0.3,1.41,0,0,0,0.2,0.2,0.2,0.006061256
1.41,-0.3,1.41,0,0,0,0.2,0.2,0.2,0.006059995
1.41,-0.3,1.41,0,0,0,0.2,0.2,0.2,0.006060812
1.41,-0.3,1.41,0,0,0,0.2,0.2,0.2,0.006061519
1.41,-0.3,1.41,0,0,0,0.2,0.2,0.2,0.006059737
1.41,-0.3,1.41,0,0,0,0.2,0.2,0.2,0.006061614
1.41,-0.3,1.41,0,0,0,0.2,0.2,0.2,0.00606016
1.41,-0.3,1.41,0,0,0,0.2,0.2,0.2,0.006060689
1.41,-0.3,1.41,0,0,0,0.2,0.2,0.2,0.006061168
1.41,-0.3,1.41,0,0,0,0.2,0.2,0.2,0.006060162
1.41,-0.3,1.41,0,0,0,0.2,0.2,0.2,0.006060943
1.41,-0.3,1.41,0,0,0,0.2,0.2,0.2,0.00606116
1.41,-0.3,1.41,0,0,0,0.2,0.2,0.2,0.006060042
1.41,-0.3,1.41,0,0,0,0.2,0.2,0.2,0.006061497
1.41,-0.3,1.41,0,0,0,0.2,0.2,0.2,0.006060102
1.41,-0.3,1.41,0,0,0,0.2,0.2,0.2,0.00606092
1.41,-0.3,1.41,0,0,0,0.2,0.2,0.2,0.006061089
1.41,-0.3,1.41,0,0,0,0.2,0.2,0.2,0.006060113
1.41,-0.3,1.41,0,0,0,0.2,0.2,0.2,0.006061644
1.41,-0.3,1.41,0,0,0,0.2,0.2,0.2,0.006060283
1.41,-0.3,1.41,0,0,0,0.2,0.2,0.2,0.006060638
1.41,-0.3,1.41,0,0,0,0.2,0.2,0.2,0.006060747
1.41,-0.3,1.41,0,0,0,0.2,0.2,0.2,0.006060372
1.41,-0.3,1.41,0,0,0,0.2,0.2,0.2,0.006060584
1.41,-0.3,1.41,0,0,0,0.2,0.2,0.2,0.006061236
1.41,-0.3,1.41,0,0,0,0.2,0.2,0.2,0.00606019
1.41,-0.3,1.41,0,0,0,0.2,0.2,0.2,0.006060772
1.41,-0.3,1.41,0,0,0,0.2,0.2,0.2,0.006060736
1.41,-0.3,1.41,0,0,0,0.2,0.2,0.2,0.006060805
1.41,-0.3,1.41,0,0,0,0.2,0.2,0.2,0.006060902
1.41,-0.3,1.41,0,0,0,0.2,0.2,0.2,0.006060556
1.41,-0.3,1.41,0,0,0,0.2,0.2,0.2,0.006060402
1.41,-0.3,1.41,0,0,0,0.2,0.2,0.2,0.006061148
1.41,-0.3,1.41,0,0,0,0.2,0.2,0.2,0.006060374
1.41,-0.3,1.41,0,0,0,0.2,0.2,0.2,0.006061197
1.41,-0.3,1.41,0,0,0,0.2,0.2,0.2,0.006060404
1.41,-0.3,1.41,0,0,0,0.2,0.2,0.2,0.006060488
1.41,-0.3,1.41,0,0,0,0.2,0.2,0.2,0.006060984
1.41,-0.3,1.41,0,0,0,0.2,0.2,0.2,0.006060596
1.41,-0.3,1.41,0,0,0,0.2,0.2,0.2,0.006060923
1.41,-0.3,1.41,0,0,0,0.2,0.2,0.2,0.006061245
1.41,-0.3,1.41,0,0,0,0.2,0.2,0.2,0.006059938
1.41,-0.3,1.41,0,0,0,0.2,0.2,0.2,0.006060586
1.41,-0.3,1.41,0,0,0,0.2,0.2,0.2,0.006060961
1.41,-0.3,1.41,0,0,0,0.2,0.2,0.2,0.00606035
1.41,-0.3,1.41,0,0,0,0.2,0.2,0.2,0.006061389
1.41,-0.3,1.41,0,0,0,0.2,0.2,0.2,0.006060252
1.41,-0.3,1.41,0,0,0,0.2,0.2,0.2,0.006061115
1.41,-0.3,1.41,0,0,0,0.2,0.2,0.2,0.006060968
1.41,-0.3,1.41,0,0,0,0.2,0.2,0.2,0.006060263
1.41,-0.3,1.41,0,0,0,0.2,0.2,0.2,0.006060986
1.41,-0.3,1.41,0,0,0,0.2,0.2,0.2,0.00606046
1.41,-0.3,1.41,0,0,0,0.2,0.2,0.2,0.006060841
1.41,-0.3,1.41,0,0,0,0.2,0.2,0.2,0.006060602
1.41,-0.3,1.41,0,0,0,0.2,0.2,0.2,0.006060953
1.41,-0.3,1.41,0,0,0,0.2,0.2,0.2,0.006061203
1.41,-0.3,1.41,0,0,0,0.2,0.2,0.2,0.006060483
1.41,-0.3,1.41,0,0,0,0.2,0.2,0.2,0.006060784
1.41,-0.3,1.41,0,0,0,0.2,0.2,0.2,0.006061213
1.41,-0.3,1.41,0,0,0,0.2,0.2,0.2,0.00606031
1.41,-0.3,1.41,0,0,0,0.2,0.2,0.2,0.006061186
1.41,-0.3,1.41,0,0,0,0.2,0.2,0.2,0.00606082
1.41,-0.3,1.41,0,0,0,0.2,0.2,0.2,0.006060271
1.41,-0.3,1.41,0,0,0,0.2,0.2,0.2,0.006061713
1.41,-0.3,1.41,0,0,0,0.2,0.2,0.2,0.006060467
1.41,-0.3,1.41,0,0,0,0.2,0.2,0.2,0.00606091
1.41,-0.3,1.41,0,0,0,0.2,0.2,0.2,0.006060596
1.41,-0.3,1.41,0,0,0,0.2,0.2,0.2,0.006060317
1.41,-0.3,1.41,0,0,0,0.2,0.2,0.2,0.006061723
1.41,-0.3,1.41,0,0,0,0.2,0.2,0.2,0.00606025
1.41,-0.3,1.41,0,0,0,0.2,0.2,0.2,0.006060271
1.41,-0.3,1.41,0,0,0,0.2,0.2,0.2,0.006060862
1.41,-0.3,1.41,0,0,0,0.2,0.2,0.2,0.006060881
1.41,-0.3,1.41,0,0,0,0.2,0.2,0.2,0.006060912
1.41,-0.3,1.41,0,0,0,0.2,0.2,0.2,0.006060243
1.41,-0.3,1.41,0,0,0,0.2,0.2,0.2,0.006060786
1.41,-0.3,1.41,0,0,0,0.2,0.2,0.2,0.006061278
1.41,-0.3,1.41,0,0,0,0.2,0.2,0.2,0.006060065
1.41,-0.3,1.41,0,0,0,0.2,0.2,0.2,0.006061229
1.41,-0.3,1.41,0,0,0,0.2,0.2,0.2,0.006060488
1.41,-0.3,1.41,0,0,0,0.2,0.2,0.2,0.006060461
1.41,-0.3,1.41,0,0,0,0.2,0.2,0.2,0.006061392
1.41,-0.3,1.41,0,0,0,0.2,0.2,0.2,0.006060091
1.41,-0.3,1.41,0,0,0,0.2,0.2,0.2,0.006060648
1.41,-0.3,1.41,0,0,0,0.2,0.2,0.2,0.006061329
1.41,-0.3,1.41,0,0,0,0.2,0.2,0.2,0.006060192
1.41,-0.3,1.41,0,0,0,0.2,0.2,0.2,0.006061646
1.41,-0.3,1.41,0,0,0,0.2,0.2,0.2,0.006060455
1.41,-0.3,1.41,0,0,0,0.2,0.2,0.2,0.006060461
1.41,-0.3,1.41,0,0,0,0.2,0.2,0.2,0.006061441
1.41,-0.3,1.41,0,0,0,0.2,0.2,0.2,0.006060136
1.41,-0.3,1.41,0,0,0,0.2,0.2,0.2,0.006061059
1.41,-0.3,1.41,0,0,0,0.2,0.2,0.2,0.006060407
1.41,-0.3,1.41,0,0,0,0.2,0.2,0.2,0.00606078
1.41,-0.3,1.41,0,0,0,0.2,0.2,0.2,0.006061125
1.41,-0.3,1.41,0,0,0,0.2,0.2,0.2,0.00606006
1.41,-0.3,1.41,0,0,0,0.2,0.2,0.2,0.00606141
1.41,-0.3,1.41,0,0,0,0.2,0.2,0.2,0.006060241
1.41,-0.3,1.41,0,0,0,0.2,0.2,0.2,0.006060566
1.41,-0.3,1.41,0,0,0,0.2,0.2,0.2,0.006061737
1.41,-0.3,1.41,0,0,0,0.2,0.2,0.2,0.006059702
1.41,-0.3,1.41,0,0,0,0.2,0.2,0.2,0.006061153
1.41,-0.3,1.41,0,0,0,0.2,0.2,0.2,0.006060783
1.41,-0.3,1.41,0,0,0,0.2,0.2,0.2,0.006059978
1.41,-0.3,1.41,0,0,0,0.2,0.2,0.2,0.006062028
1.41,-0.3,1.41,0,0,0,0.2,0.2,0.2,0.006059648
1.41,-0.3,1.41,0,0,0,0.2,0.2,0.2,0.006061409
1.41,-0.3,1.41,0,0,0,0.2,0.2,0.2,0.006061277
1.41,-0.3,1.41,0,0,0,0.2,0.2,0.2,0.006059824
1.41,-0.3,1.41,0,0,0,0.2,0.2,0.2,0.006060488
1.41,-0.3,1.41,0,0,0,0.2,0.2,0.2,0.006061123
1.41,-0.3,1.41,0,0,0,0.2,0.2,0.2,0.006060961
1.41,-0.3,1.41,0,0,0,0.2,0.2,0.2,0.006061254
1.41,-0.3,1.41,0,0,0,0.2,0.2,0.2,0.006059924
1.41,-0.3,1.41,0,0,0,0.2,0.2,0.2,0.0060618
1.41,-0.3,1.41,0,0,0,0.2,0.2,0.2,0.006060309
1.41,-0.3,1.41,0,0,0,0.2,0.2,0.2,0.006060272
1.41,-0.3,1.41,0,0,0,0.2,0.2,0.2,0.006061055
1.41,-0.3,1.41,0,0,0,0.2,0.2,0.2,0.006060209
1.41,-0.3,1.41,0,0,0,0.2,0.2,0.2,0.006060729
1.41,-0.3,1.41,0,0,0,0.2,0.2,0.2,0.006060916
1.41,-0.3,1.41,0,0,0,0.2,0.2,0.2,0.006060467
1.41,-0.3,1.41,0,0,0,0.2,0.2,0.2,0.006061515
1.41,-0.3,1.41,0,0,0,0.2,0.2,0.2,0.00606013
1.41,-0.3,1.41,0,0,0,0.2,0.2,0.2,0.006060742
1.41,-0.3,1.41,0,0,0,0.2,0.2,0.2,0.006061334
1.41,-0.3,1.41,0,0,0,0.2,0.2,0.2,0.006060153
1.41,-0.3,1.41,0,0,0,0.2,0.2,0.2,0.006060811
1.41,-0.3,1.41,0,0,0,0.2,0.2,0.2,0.006060865
1.41,-0.3,1.41,0,0,0,0.2,0.2,0.2,0.006060431
1.41,-0.3,1.41,0,0,0,0.2,0.2,0.2,0.006062508
1.41,-0.3,1.41,0,0,0,0.2,0.2,0.2,0.006059376
1.41,-0.3,1.41,0,0,0,0.2,0.2,0.2,0.006060677
1.41,-0.3,1.41,0,0,0,0.2,0.2,0.2,0.006061036
1.41,-0.3,1.41,0,0,0,0.2,0.2,0.2,0.006060668
1.41,-0.3,1.41,0,0,0,0.2,0.2,0.2,0.00606098
1.41,-0.3,1.41,0,0,0,0.2,0.2,0.2,0.006060455
1.41,-0.3,1.41,0,0,0,0.2,0.2,0.2,0.006060617
1.41,-0.3,1.41,0,0,0,0.2,0.2,0.2,0.006061318
1.41,-0.3,1.41,0,0,0,0.2,0.2,0.2,0.006060419
1.41,-0.3,1.41,0,0,0,0.2,0.2,0.2,0.00606039
1.41,-0.3,1.41,0,0,0,0.2,0.2,0.2,0.00606089
1.41,-0.3,1.41,0,0,0,0.2,0.2,0.2,0.006060544
1.41,-0.3,1.41,0,0,0,0.2,0.2,0.2,0.006061098
1.41,-0.3,1.41,0,0,0,0.2,0.2,0.2,0.00606047
1.41,-0.3,1.41,0,0,0,0.2,0.2,0.2,0.006060659
1.41,-0.3,1.41,0,0,0,0.2,0.2,0.2,0.006061037
1.41,-0.3,1.41,0,0,0,0.2,0.2,0.2,0.006060462
1.41,-0.3,1.41,0,0,0,0.2,0.2,0.2,0.006061174
1.41,-0.3,1.41,0,0,0,0.2,0.2,0.2,0.006060194
1.41,-0.3,1.41,0,0,0,0.2,0.2,0.2,0.006060749
1.41,-0.3,1.41,0,0,0,0.2,0.2,0.2,0.00606096
1.41,-0.3,1.41,0,0,0,0.2,0.2,0.2,0.006060123
1.41,-0.3,1.41,0,0,0,0.2,0.2,0.2,0.006061044
1.41,-0.3,1.41,0,0,0,0.2,0.2,0.2,0.006061057
1.41,-0.3,1.41,0,0,0,0.2,0.2,0.2,0.006060645
1.41,-0.3,1.41,0,0,0,0.2,0.2,0.2,0.006061204
1.41,-0.3,1.41,0,0,0,0.2,0.2,0.2,0.006060005
1.41,-0.3,1.41,0,0,0,0.2,0.2,0.2,0.006060634
1.41,-0.3,1.41,0,0,0,0.2,0.2,0.2,0.006061309
1.41,-0.3,1.41,0,0,0,0.2,0.2,0.2,0.006060282
1.41,-0.3,1.41,0,0,0,0.2,0.2,0.2,0.006060502
1.41,-0.3,1.41,0,0,0,0.2,0.2,0.2,0.006061175
1.41,-0.3,1.41,0,0,0,0.2,0.2,0.2,0.00606079
1.41,-0.3,1.41,0,0,0,0.2,0.2,0.2,0.00606121
1.41,-0.3,1.41,0,0,0,0.2,0.2,0.2,0.006060441
1.41,-0.3,1.41,0,0,0,0.2,0.2,0.2,0.006060656
1.41,-0.3,1.41,0,0,0,0.2,0.2,0.2,0.006060998
1.41,-0.3,1.41,0,0,0,0.2,0.2,0.2,0.006060417
1.41,-0.3,1.41,0,0,0,0.2,0.2,0.2,0.006061218
1.41,-0.3,1.41,0,0,0,0.2,0.2,0.2,0.006060194
1.41,-0.3,1.41,0,0,0,0.2,0.2,0.2,0.006060673
1.41,-0.3,1.41,0,0,0,0.2,0.2,0.2,0.006061425
1.41,-0.3,1.41,0,0,0,0.2,0.2,0.2,0.006060109
1.41,-0.3,1.41,0,0,0,0.2,0.2,0.2,0.006061317
1.41,-0.3,1.41,0,0,0,0.2,0.2,0.2,0.006060731
1.41,-0.3,1.41,0,0,0,0.2,0.2,0.2,0.006060149
1.41,-0.3,1.41,0,0,0,0.2,0.2,0.2,0.006060977
1.41,-0.3,1.41,0,0,0,0.2,0.2,0.2,0.006060686
1.41,-0.3,1.41,0,0,0,0.2,0.2,0.2,0.006060508
1.41,-0.3,1.41,0,0,0,0.2,0.2,0.2,0.006060923
1.41,-0.3,1.41,0,0,0,0.2,0.2,0.2,0.006060775
1.41,-0.3,1.41,0,0,0,0.2,0.2,0.2,0.006061126
1.41,-0.3,1.41,0,0,0,0.2,0.2,0.2,0.006060666
1.41,-0.3,1.41,0,0,0,0.2,0.2,0.2,0.006060445
1.41,-0.3,1.41,0,0,0,0.2,0.2,0.2,0.006061284
1.41,-0.3,1.41,0,0,0,0.2,0.2,0.2,0.006060246
1.41,-0.3,1.41,0,0,0,0.2,0.2,0.2,0.006061578
1.41,-0.3,1.41,0,0,0,0.2,0.2,0.2,0.006060102
1.41,-0.3,1.41,0,0,0,0.2,0.2,0.2,0.006060587
1.41,-0.3,1.41,0,0,0,0.2,0.2,0.2,0.006061912
1.41,-0.3,1.41,0,0,0,0.2,0.2,0.2,0.006059549
1.41,-0.3,1.41,0,0,0,0.2,0.2,0.2,0.006061804
1.41,-0.3,1.41,0,0,0,0.2,0.2,0.2,0.006060116
1.41,-0.3,1.41,0,0,0,0.2,0.2,0.2,0.006060902
1.41,-0.3,1.41,0,0,0,0.2,0.2,0.2,0.006061543
1.41,-0.3,1.41,0,0,0,0.2,0.2,0.2,0.00605996
1.41,-0.3,1.41,0,0,0,0.2,0.2,0.2,0.006060372
1.41,-0.3,1.41,0,0,0,0.2,0.2,0.2,0.006060832
1.41,-0.3,1.41,0,0,0,0.2,0.2,0.2,0.006060633
1.41,-0.3,1.41,0,0,0,0.2,0.2,0.2,0.006061508
1.41,-0.3,1.41,0,0,0,0.2,0.2,0.2,0.006060163
1.41,-0.3,1.41,0,0,0,0.2,0.2,0.2,0.006060513
1.41,-0.3,1.41,0,0,0,0.2,0.2,0.2,0.006061324
1.41,-0.3,1.41,0,0,0,0.2,0.2,0.2,0.006060165
1.41,-0.3,1.41,0,0,0,0.2,0.2,0.2,0.006061379
1.41,-0.3,1.41,0,0,0,0.2,0.2,0.2,0.006060167
1.41,-0.3,1.41,0,0,0,0.2,0.2,0.2,0.006061141
1.41,-0.3,1.41,0,0,0,0.2,0.2,0.2,0.006061023
1.41,-0.3,1.41,0,0,0,0.2,0.2,0.2,0.006060396
1.41,-0.3,1.41,0,0,0,0.2,0.2,0.2,0.006060901
1.41,-0.3,1.41,0,0,0,0.2,0.2,0.2,0.006060572
1.41,-0.3,1.41,0,0,0,0.2,0.2,0.2,0.006060327
1.41,-0.3,1.41,0,0,0,0.2,0.2,0.2,0.006061254
1.41,-0.3,1.41,0,0,0,0.2,0.2,0.2,0.006059239
1.41,-0.3,1.41,0,0,0,0.2,0.2,0.2,0.006061534
1.41,-0.3,1.41,0,0,0,0.2,0.2,0.2,0.006061578
1.41,-0.3,1.41,0,0,0,0.2,0.2,0.2,0.006059958
1.41,-0.3,1.41,0,0,0,0.2,0.2,0.2,0.006060758
1.41,-0.3,1.41,0,0,0,0.2,0.2,0.2,0.00606094
1.41,-0.3,1.41,0,0,0,0.2,0.2,0.2,0.006060868
1.41,-0.3,1.41,0,0,0,0.2,0.2,0.2,0.006060568
1.41,-0.3,1.41,0,0,0,0.2,0.2,0.2,0.006060287
1.41,-0.3,1.41,0,0,0,0.2,0.2,0.2,0.006060953
1.41,-0.3,1.41,0,0,0,0.2,0.2,0.2,0.006061373
1.41,-0.3,1.41,0,0,0,0.2,0.2,0.2,0.006060877
1.41,-0.3,1.41,0,0,0,0.2,0.2,0.2,0.006060982
1.41,-0.3,1.41,0,0,0,0.2,0.2,0.2,0.006060135
1.41,-0.3,1.41,0,0,0,0.2,0.2,0.2,0.006061034
1.41,-0.3,1.41,0,0,0,0.2,0.2,0.2,0.006060659
1.41,-0.3,1.41,0,0,0,0.2,0.2,0.2,0.00606071
1.41,-0.3,1.41,0,0,0,0.2,0.2,0.2,0.006061142
1.41,-0.3,1.41,0,0,0,0.2,0.2,0.2,0.006060312
1.41,-0.3,1.41,0,0,0,0.2,0.2,0.2,0.006060777
1.41,-0.3,1.41,0,0,0,0.2,0.2,0.2,0.006061323
1.41,-0.3,1.41,0,0,0,0.2,0.2,0.2,0.006060022
1.41,-0.3,1.41,0,0,0,0.2,0.2,0.2,0.006061195
1.41,-0.3,1.41,0,0,0,0.2,0.2,0.2,0.006060437
1.41,-0.3,1.41,0,0,0,0.2,0.2,0.2,0.006060524
1.41,-0.3,1.41,0,0,0,0.2,0.2,0.2,0.006061724
1.41,-0.3,1.41,0,0,0,0.2,0.2,0.2,0.006059657
1.41,-0.3,1.41,0,0,0,0.2,0.2,0.2,0.006060875
1.41,-0.3,1.41,0,0,0,0.2,0.2,0.2,0.006060975
1.41,-0.3,1.41,0,0,0,0.2,0.2,0.2,0.006060497
1.41,-0.3,1.41,0,0,0,0.2,0.2,0.2,0.006061134
1.41,-0.3,1.41,0,0,0,0.2,0.2,0.2,0.006060036
1.41,-0.3,1.41,0,0,0,0.2,0.2,0.2,0.006060855
1.41,-0.3,1.41,0,0,0,0.2,0.2,0.2,0.00606111
1.41,-0.3,1.41,0,0,0,0.2,0.2,0.2,0.006060346
1.41,-0.3,1.41,0,0,0,0.2,0.2,0.2,0.006060688
1.41,-0.3,1.41,0,0,0,0.2,0.2,0.2,0.006061166
1.41,-0.3,1.41,0,0,0,0.2,0.2,0.2,0.006060728
1.41,-0.3,1.41,0,0,0,0.2,0.2,0.2,0.006061199
1.41,-0.3,1.41,0,0,0,0.2,0.2,0.2,0.006060162
1.41,-0.3,1.41,0,0,0,0.2,0.2,0.2,0.00606167
1.41,-0.3,1.41,0,0,0,0.2,0.2,0.2,0.006060268
1.41,-0.3,1.41,0,0,0,0.2,0.2,0.2,0.00606036
1.41,-0.3,1.41,0,0,0,0.2,0.2,0.2,0.006060816
1.41,-0.3,1.41,0,0,0,0.2,0.2,0.2,0.00606048
1.41,-0.3,1.41,0,0,0,0.2,0.2,0.2,0.006060757
1.41,-0.3,1.41,0,0,0,0.2,0.2,0.2,0.006061309
1.41,-0.3,1.41,0,0,0,0.2,0.2,0.2,0.006060158
1.41,-0.3,1.41,0,0,0,0.2,0.2,0.2,0.006061269
1.41,-0.3,1.41,0,0,0,0.2,0.2,0.2,0.006060344
1.41,-0.3,1.41,0,0,0,0.2,0.2,0.2,0.00606087
1.41,-0.3,1.41,0,0,0,0.2,0.2,0.2,0.006061022
1.41,-0.3,1.41,0,0,0,0.2,0.2,0.2,0.006060184
1.41,-0.3,1.41,0,0,0,0.2,0.2,0.2,0.006060858
1.41,-0.3,1.41,0,0,0,0.2,0.2,0.2,0.006064107
1.41,-0.3,1.41,0,0,0,0.2,0.2,0.2,0.006060129
1.41,-0.3,1.41,0,0,0,0.2,0.2,0.2,0.00606015
1.41,-0.3,1.41,0,0,0,0.2,0.2,0.2,0.006061044
1.41,-0.3,1.41,0,0,0,0.2,0.2,0.2,0.00606089
1.41,-0.3,1.41,0,0,0,0.2,0.2,0.2,0.006060338
1.41,-0.3,1.41,0,0,0,0.2,0.2,0.2,0.006061031
1.41,-0.3,1.41,0,0,0,0.2,0.2,0.2,0.006060497
1.41,-0.3,1.41,0,0,0,0.2,0.2,0.2,0.006060564
1.41,-0.3,1.41,0,0,0,0.2,0.2,0.2,0.006060944
1.41,-0.3,1.41,0,0,0,0.2,0.2,0.2,0.006060916
1.41,-0.3,1.41,0,0,0,0.2,0.2,0.2,0.006061826
1.41,-0.3,1.41,0,0,0,0.2,0.2,0.2,0.006059674
1.41,-0.3,1.41,0,0,0,0.2,0.2,0.2,0.006060933
1.41,-0.3,1.41,0,0,0,0.2,0.2,0.2,0.006060786
1.41,-0.3,1.41,0,0,0,0.2,0.2,0.2,0.006060647
1.41,-0.3,1.41,0,0,0,0.2,0.2,0.2,0.006061592
1.41,-0.3,1.41,0,0,0,0.2,0.2,0.2,0.006060128
1.41,-0.3,1.41,0,0,0,0.2,0.2,0.2,0.006060534
1.41,-0.3,1.41,0,0,0,0.2,0.2,0.2,0.006060807
1.41,-0.3,1.41,0,0,0,0.2,0.2,0.2,0.006061201
1.41,-0.3,1.41,0,0,0,0.2,0.2,0.2,0.006061274
1.41,-0.3,1.41,0,0,0,0.2,0.2,0.2,0.006060036
1.41,-0.3,1.41,0,0,0,0.2,0.2,0.2,0.006061526
1.41,-0.3,1.41,0,0,0,0.2,0.2,0.2,0.006060873
1.41,-0.3,1.41,0,0,0,0.2,0.2,0.2,0.006060737
1.41,-0.3,1.41,0,0,0,0.2,0.2,0.2,0.006061388
1.41,-0.3,1.41,0,0,0,0.2,0.2,0.2,0.006059899
1.41,-0.3,1.41,0,0,0,0.2,0.2,0.2,0.006061491
1.41,-0.3,1.41,0,0,0,0.2,0.2,0.2,0.006060348
1.41,-0.3,1.41,0,0,0,0.2,0.2,0.2,0.006060645
1.41,-0.3,1.41,0,0,0,0.2,0.2,0.2,0.006061677
1.41,-0.3,1.41,0,0,0,0.2,0.2,0.2,0.006059706
1.41,-0.3,1.41,0,0,0,0.2,0.2,0.2,0.006060482
1.41,-0.3,1.41,0,0,0,0.2,0.2,0.2,0.006061192
1.41,-0.3,1.41,0,0,0,0.2,0.2,0.2,0.006060733
1.41,-0.3,1.41,0,0,0,0.2,0.2,0.2,0.006060866
1.41,-0.3,1.41,0,0,0,0.2,0.2,0.2,0.006060676
1.41,-0.3,1.41,0,0,0,0.2,0.2,0.2,0.006060621
1.41,-0.3,1.41,0,0,0,0.2,0.2,0.2,0.006061317
1.41,-0.3,1.41,0,0,0,0.2,0.2,0.2,0.006060246
1.41,-0.3,1.41,0,0,0,0.2,0.2,0.2,0.006061233
1.41,-0.3,1.41,0,0,0,0.2,0.2,0.2,0.00606049
1.41,-0.3,1.41,0,0,0,0.2,0.2,0.2,0.006060435
1.41,-0.3,1.41,0,0,0,0.2,0.2,0.2,0.006061246
1.41,-0.3,1.41,0,0,0,0.2,0.2,0.2,0.006060121
1.41,-0.3,1.41,0,0,0,0.2,0.2,0.2,0.006061297
1.41,-0.3,1.41,0,0,0,0.2,0.2,0.2,0.006060421
1.41,-0.3,1.41,0,0,0,0.2,0.2,0.2,0.006060544
1.41,-0.3,1.41,0,0,0,0.2,0.2,0.2,0.006060958
1.41,-0.3,1.41,0,0,0,0.2,0.2,0.2,0.006061051
1.41,-0.3,1.41,0,0,0,0.2,0.2,0.2,0.006060333
1.41,-0.3,1.41,0,0,0,0.2,0.2,0.2,0.006060811
1.41,-0.3,1.41,0,0,0,0.2,0.2,0.2,0.00606062
1.41,-0.3,1.41,0,0,0,0.2,0.2,0.2,0.006061023
1.41,-0.3,1.41,0,0,0,0.2,0.2,0.2,0.006060273
1.41,-0.3,1.41,0,0,0,0.2,0.2,0.2,0.006060568
1.41,-0.3,1.41,0,0,0,0.2,0.2,0.2,0.00606129
1.41,-0.3,1.41,0,0,0,0.2,0.2,0.2,0.006060047
1.41,-0.3,1.41,0,0,0,0.2,0.2,0.2,0.006060922
1.41,-0.3,1.41,0,0,0,0.2,0.2,0.2,0.006060943
1.41,-0.3,1.41,0,0,0,0.2,0.2,0.2,0.006060609
1.41,-0.3,1.41,0,0,0,0.2,0.2,0.2,0.006060811
1.41,-0.3,1.41,0,0,0,0.2,0.2,0.2,0.006060454
1.41,-0.3,1.41,0,0,0,0.2,0.2,0.2,0.006061051
1.41,-0.3,1.41,0,0,0,0.2,0.2,0.2,0.00606113
1.41,-0.3,1.41,0,0,0,0.2,0.2,0.2,0.006060037
1.41,-0.3,1.41,0,0,0,0.2,0.2,0.2,0.006061645
1.41,-0.3,1.41,0,0,0,0.2,0.2,0.2,0.006059969
1.41,-0.3,1.41,0,0,0,0.2,0.2,0.2,0.006060745
1.41,-0.3,1.41,0,0,0,0.2,0.2,0.2,0.006061621
1.41,-0.3,1.41,0,0,0,0.2,0.2,0.2,0.006059677
1.41,-0.3,1.41,0,0,0,0.2,0.2,0.2,0.006061107
1.41,-0.3,1.41,0,0,0,0.2,0.2,0.2,0.00606059
1.41,-0.3,1.41,0,0,0,0.2,0.2,0.2,0.006060598
1.41,-0.3,1.41,0,0,0,0.2,0.2,0.2,0.006061621
1.41,-0.3,1.41,0,0,0,0.2,0.2,0.2,0.006059739
1.41,-0.3,1.41,0,0,0,0.2,0.2,0.2,0.006060732
1.41,-0.3,1.41,0,0,0,0.2,0.2,0.2,0.006061701
1.41,-0.3,1.41,0,0,0,0.2,0.2,0.2,0.006059867
1.41,-0.3,1.41,0,0,0,0.2,0.2,0.2,0.006060736
1.41,-0.3,1.41,0,0,0,0.2,0.2,0.2,0.006060622
1.41,-0.3,1.41,0,0,0,0.2,0.2,0.2,0.006060642
1.41,-0.3,1.41,0,0,0,0.2,0.2,0.2,0.006061278
1.41,-0.3,1.41,0,0,0,0.2,0.2,0.2,0.006060278
1.41,-0.3,1.41,0,0,0,0.2,0.2,0.2,0.006060669
1.41,-0.3,1.41,0,0,0,0.2,0.2,0.2,0.006061384
1.41,-0.3,1.41,0,0,0,0.2,0.2,0.2,0.006060059
1.41,-0.3,1.41,0,0,0,0.2,0.2,0.2,0.006060654
1.41,-0.3,1.41,0,0,0,0.2,0.2,0.2,0.006060782
1.41,-0.3,1.41,0,0,0,0.2,0.2,0.2,0.006061086
1.41,-0.3,1.41,0,0,0,0.2,0.2,0.2,0.006060709
1.41,-0.3,1.41,0,0,0,0.2,0.2,0.2,0.00606061
1.41,-0.3,1.41,0,0,0,0.2,0.2,0.2,0.006060361
1.41,-0.3,1.41,0,0,0,0.2,0.2,0.2,0.006061237
1.41,-0.3,1.41,0,0,0,0.2,0.2,0.2,0.006060246
1.41,-0.3,1.41,0,0,0,0.2,0.2,0.2,0.006060454
1.41,-0.3,1.41,0,0,0,0.2,0.2,0.2,0.006061071
1.41,-0.3,1.41,0,0,0,0.2,0.2,0.2,0.006060814
1.41,-0.3,1.41,0,0,0,0.2,0.2,0.2,0.00606102
1.41,-0.3,1.41,0,0,0,0.2,0.2,0.2,0.006060261
1.41,-0.3,1.41,0,0,0,0.2,0.2,0.2,0.006060625
1.41,-0.3,1.41,0,0,0,0.2,0.2,0.2,0.00606135
1.41,-0.3,1.41,0,0,0,0.2,0.2,0.2,0.006060169
1.41,-0.3,1.41,0,0,0,0.2,0.2,0.2,0.006061525
1.41,-0.3,1.41,0,0,0,0.2,0.2,0.2,0.006059898
1.41,-0.3,1.41,0,0,0,0.2,0.2,0.2,0.006060573
1.41,-0.3,1.41,0,0,0,0.2,0.2,0.2,0.006061335
1.41,-0.3,1.41,0,0,0,0.2,0.2,0.2,0.006060259
1.41,-0.3,1.41,0,0,0,0.2,0.2,0.2,0.006060744
1.41,-0.3,1.41,0,0,0,0.2,0.2,0.2,0.006060933
1.41,-0.3,1.41,0,0,0,0.2,0.2,0.2,0.006060354
1.41,-0.3,1.41,0,0,0,0.2,0.2,0.2,0.006061195
1.41,-0.3,1.41,0,0,0,0.2,0.2,0.2,0.006061194
1.41,-0.3,1.41,0,0,0,0.2,0.2,0.2,0.006059681
1.41,-0.3,1.41,0,0,0,0.2,0.2,0.2,0.006061369
1.41,-0.3,1.41,0,0,0,0.2,0.2,0.2,0.006060192
1.41,-0.3,1.41,0,0,0,0.2,0.2,0.2,0.006060734
1.41,-0.3,1.41,0,0,0,0.2,0.2,0.2,0.006061094
1.41,-0.3,1.41,0,0,0,0.2,0.2,0.2,0.006060237
1.41,-0.3,1.41,0,0,0,0.2,0.2,0.2,0.006061661
1.41,-0.3,1.41,0,0,0,0.2,0.2,0.2,0.00605993
1.41,-0.3,1.41,0,0,0,0.2,0.2,0.2,0.006060782
1.41,-0.3,1.41,0,0,0,0.2,0.2,0.2,0.006061504
1.41,-0.3,1.41,0,0,0,0.2,0.2,0.2,0.006059844
1.41,-0.3,1.41,0,0,0,0.2,0.2,0.2,0.006061609
1.41,-0.3,1.41,0,0,0,0.2,0.2,0.2,0.006059944
1.41,-0.3,1.41,0,0,0,0.2,0.2,0.2,0.006061095
1.41,-0.3,1.41,0,0,0,0.2,0.2,0.2,0.006061036
1.41,-0.3,1.41,0,0,0,0.2,0.2,0.2,0.00606023
1.41,-0.3,1.41,0,0,0,0.2,0.2,0.2,0.00606159
1.41,-0.3,1.41,0,0,0,0.2,0.2,0.2,0.006059915
1.41,-0.3,1.41,0,0,0,0.2,0.2,0.2,0.006060565
1.41,-0.3,1.41,0,0,0,0.2,0.2,0.2,0.006061165
1.41,-0.3,1.41,0,0,0,0.2,0.2,0.2,0.006060366
1.41,-0.3,1.41,0,0,0,0.2,0.2,0.2,0.006060728
1.41,-0.3,1.41,0,0,0,0.2,0.2,0.2,0.006061184
1.41,-0.3,1.41,0,0,0,0.2,0.2,0.2,0.006060175
1.41,-0.3,1.41,0,0,0,0.2,0.2,0.2,0.006061504
1.41,-0.3,1.41,0,0,0,0.2,0.2,0.2,0.006060003
1.41,-0.3,1.41,0,0,0,0.2,0.2,0.2,0.006060808
1.41,-0.3,1.41,0,0,0,0.2,0.2,0.2,0.006061594
1.41,-0.3,1.41,0,0,0,0.2,0.2,0.2,0.006059778
1.41,-0.3,1.41,0,0,0,0.2,0.2,0.2,0.006060675
1.41,-0.3,1.41,0,0,0,0.2,0.2,0.2,0.006061354
1.41,-0.3,1.41,0,0,0,0.2,0.2,0.2,0.006060298
1.41,-0.3,1.41,0,0,0,0.2,0.2,0.2,0.006061287
1.41,-0.3,1.41,0,0,0,0.2,0.2,0.2,0.006060188
1.41,-0.3,1.41,0,0,0,0.2,0.2,0.2,0.006060753
1.41,-0.3,1.41,0,0,0,0.2,0.2,0.2,0.006061305
1.41,-0.3,1.41,0,0,0,0.2,0.2,0.2,0.006060109
1.41,-0.3,1.41,0,0,0,0.2,0.2,0.2,0.006060884
1.41,-0.3,1.41,0,0,0,0.2,0.2,0.2,0.006060688
1.41,-0.3,1.41,0,0,0,0.2,0.2,0.2,0.006060671
1.41,-0.3,1.41,0,0,0,0.2,0.2,0.2,0.006061039
1.41,-0.3,1.41,0,0,0,0.2,0.2,0.2,0.006060403
1.41,-0.3,1.41,0,0,0,0.2,0.2,0.2,0.006060654
1.41,-0.3,1.41,0,0,0,0.2,0.2,0.2,0.006060865
1.41,-0.3,1.41,0,0,0,0.2,0.2,0.2,0.006060511
1.41,-0.3,1.41,0,0,0,0.2,0.2,0.2,0.006061242
1.41,-0.3,1.41,0,0,0,0.2,0.2,0.2,0.006060702
1.41,-0.3,1.41,0,0,0,0.2,0.2,0.2,0.006060451
1.41,-0.3,1.41,0,0,0,0.2,0.2,0.2,0.006060924
1.41,-0.3,1.41,0,0,0,0.2,0.2,0.2,0.006060646
1.41,-0.3,1.41,0,0,0,0.2,0.2,0.2,0.006060526
1.41,-0.3,1.41,0,0,0,0.2,0.2,0.2,0.006061003
1.41,-0.3,1.41,0,0,0,0.2,0.2,0.2,0.006060488
1.41,-0.3,1.41,0,0,0,0.2,0.2,0.2,0.006060949
1.41,-0.3,1.41,0,0,0,0.2,0.2,0.2,0.00606059
1.41,-0.3,1.41,0,0,0,0.2,0.2,0.2,0.006060541
1.41,-0.3,1.41,0,0,0,0.2,0.2,0.2,0.00606116
1.41,-0.3,1.41,0,0,0,0.2,0.2,0.2,0.006060246
1.41,-0.3,1.41,0,0,0,0.2,0.2,0.2,0.006060752
1.41,-0.3,1.41,0,0,0,0.2,0.2,0.2,0.00606077
1.41,-0.3,1.41,0,0,0,0.2,0.2,0.2,0.006060761
1.41,-0.3,1.41,0,0,0,0.2,0.2,0.2,0.006061309
1.41,-0.3,1.41,0,0,0,0.2,0.2,0.2,0.006060257
1.41,-0.3,1.41,0,0,0,0.2,0.2,0.2,0.006060568
1.41,-0.3,1.41,0,0,0,0.2,0.2,0.2,0.006061264
1.41,-0.3,1.41,0,0,0,0.2,0.2,0.2,0.006060143
1.41,-0.3,1.41,0,0,0,0.2,0.2,0.2,0.006061421
1.41,-0.3,1.41,0,0,0,0.2,0.2,0.2,0.006060274
1.41,-0.3,1.41,0,0,0,0.2,0.2,0.2,0.006060678
1.41,-0.3,1.41,0,0,0,0.2,0.2,0.2,0.006061313
1.41,-0.3,1.41,0,0,0,0.2,0.2,0.2,0.006060098
1.41,-0.3,1.41,0,0,0,0.2,0.2,0.2,0.006060808
1.41,-0.3,1.41,0,0,0,0.2,0.2,0.2,0.006061438
1.41,-0.3,1.41,0,0,0,0.2,0.2,0.2,0.006059903
1.41,-0.3,1.41,0,0,0,0.2,0.2,0.2,0.006061402
1.41,-0.3,1.41,0,0,0,0.2,0.2,0.2,0.006060113
1.41,-0.3,1.41,0,0,0,0.2,0.2,0.2,0.006060788
1.41,-0.3,1.41,0,0,0,0.2,0.2,0.2,0.006061396
1.41,-0.3,1.41,0,0,0,0.2,0.2,0.2,0.006060074
1.41,-0.3,1.41,0,0,0,0.2,0.2,0.2,0.006061412
1.41,-0.3,1.41,0,0,0,0.2,0.2,0.2,0.006060062
1.41,-0.3,1.41,0,0,0,0.2,0.2,0.2,0.006060457
1.41,-0.3,1.41,0,0,0,0.2,0.2,0.2,0.006061738
1.41,-0.3,1.41,0,0,0,0.2,0.2,0.2,0.006060279
1.41,-0.3,1.41,0,0,0,0.2,0.2,0.2,0.006061381
1.41,-0.3,1.41,0,0,0,0.2,0.2,0.2,0.006060223
1.41,-0.3,1.41,0,0,0,0.2,0.2,0.2,0.006060221
1.41,-0.3,1.41,0,0,0,0.2,0.2,0.2,0.006061846
1.41,-0.3,1.41,0,0,0,0.2,0.2,0.2,0.006059729
1.41,-0.3,1.41,0,0,0,0.2,0.2,0.2,0.006060665
1.41,-0.3,1.41,0,0,0,0.2,0.2,0.2,0.006061558
1.41,-0.3,1.41,0,0,0,0.2,0.2,0.2,0.006060056
1.41,-0.3,1.41,0,0,0,0.2,0.2,0.2,0.006061223
1.41,-0.3,1.41,0,0,0,0.2,0.2,0.2,0.00606019
1.41,-0.3,1.41,0,0,0,0.2,0.2,0.2,0.006060759
1.41,-0.3,1.41,0,0,0,0.2,0.2,0.2,0.006061252
1.41,-0.3,1.41,0,0,0,0.2,0.2,0.2,0.006060183
1.41,-0.3,1.41,0,0,0,0.2,0.2,0.2,0.006060841
1.41,-0.3,1.41,0,0,0,0.2,0.2,0.2,0.006061182
1.41,-0.3,1.41,0,0,0,0.2,0.2,0.2,0.006060682
1.41,-0.3,1.41,0,0,0,0.2,0.2,0.2,0.006061462
1.41,-0.3,1.41,0,0,0,0.2,0.2,0.2,0.006060139
1.41,-0.3,1.41,0,0,0,0.2,0.2,0.2,0.006061336
1.41,-0.3,1.41,0,0,0,0.2,0.2,0.2,0.006060452
1.41,-0.3,1.41,0,0,0,0.2,0.2,0.2,0.006060448
1.41,-0.3,1.41,0,0,0,0.2,0.2,0.2,0.006061343
1.41,-0.3,1.41,0,0,0,0.2,0.2,0.2,0.006060041
1.41,-0.3,1.41,0,0,0,0.2,0.2,0.2,0.006061082
1.41,-0.3,1.41,0,0,0,0.2,0.2,0.2,0.006060834
1.41,-0.3,1.41,0,0,0,0.2,0.2,0.2,0.006060829
1.41,-0.3,1.41,0,0,0,0.2,0.2,0.2,0.006061064
1.41,-0.3,1.41,0,0,0,0.2,0.2,0.2,0.006060098
1.41,-0.3,1.41,0,0,0,0.2,0.2,0.2,0.00606074
1.41,-0.3,1.41,0,0,0,0.2,0.2,0.2,0.006060954
1.41,-0.3,1.41,0,0,0,0.2,0.2,0.2,0.00606035
1.41,-0.3,1.41,0,0,0,0.2,0.2,0.2,0.006060758
1.41,-0.3,1.41,0,0,0,0.2,0.2,0.2,0.006060489
1.41,-0.3,1.41,0,0,0,0.2,0.2,0.2,0.006060795
1.41,-0.3,1.41,0,0,0,0.2,0.2,0.2,0.006061556
1.41,-0.3,1.41,0,0,0,0.2,0.2,0.2,0.006060275
1.41,-0.3,1.41,0,0,0,0.2,0.2,0.2,0.006060618
1.41,-0.3,1.41,0,0,0,0.2,0.2,0.2,0.006061117
1.41,-0.3,1.41,0,0,0,0.2,0.2,0.2,0.006060221
1.41,-0.3,1.41,0,0,0,0.2,0.2,0.2,0.006061148
1.41,-0.3,1.41,0,0,0,0.2,0.2,0.2,0.006060317
1.41,-0.3,1.41,0,0,0,0.2,0.2,0.2,0.006060593
1.41,-0.3,1.41,0,0,0,0.2,0.2,0.2,0.006061076
1.41,-0.3,1.41,0,0,0,0.2,0.2,0.2,0.006060228
1.41,-0.3,1.41,0,0,0,0.2,0.2,0.2,0.00606087
1.41,-0.3,1.41,0,0,0,0.2,0.2,0.2,0.00606136
1.41,-0.3,1.41,0,0,0,0.2,0.2,0.2,0.006060486
1.41,-0.3,1.41,0,0,0,0.2,0.2,0.2,0.006061242
1.41,-0.3,1.41,0,0,0,0.2,0.2,0.2,0.006059973
1.41,-0.3,1.41,0,0,0,0.2,0.2,0.2,0.006060673
1.41,-0.3,1.41,0,0,0,0.2,0.2,0.2,0.006061265
1.41,-0.3,1.41,0,0,0,0.2,0.2,0.2,0.006060126
1.41,-0.3,1.41,0,0,0,0.2,0.2,0.2,0.006060999
1.41,-0.3,1.41,0,0,0,0.2,0.2,0.2,0.006060895
1.41,-0.3,1.41,0,0,0,0.2,0.2,0.2,0.006060417
1.41,-0.3,1.41,0,0,0,0.2,0.2,0.2,0.006060814
1.41,-0.3,1.41,0,0,0,0.2,0.2,0.2,0.006060804
1.41,-0.3,1.41,0,0,0,0.2,0.2,0.2,0.006060702
1.41,-0.3,1.41,0,0,0,0.2,0.2,0.2,0.006060536
1.41,-0.3,1.41,0,0,0,0.2,0.2,0.2,0.006060778
1.41,-0.3,1.41,0,0,0,0.2,0.2,0.2,0.006061076
1.41,-0.3,1.41,0,0,0,0.2,0.2,0.2,0.006060593
1.41,-0.3,1.41,0,0,0,0.2,0.2,0.2,0.006060506
1.41,-0.3,1.41,0,0,0,0.2,0.2,0.2,0.006061293
1.41,-0.3,1.41,0,0,0,0.2,0.2,0.2,0.006060176
1.41,-0.3,1.41,0,0,0,0.2,0.2,0.2,0.006061506
1.41,-0.3,1.41,0,0,0,0.2,0.2,0.2,0.006060276
1.41,-0.3,1.41,0,0,0,0.2,0.2,0.2,0.006060312
1.41,-0.3,1.41,0,0,0,0.2,0.2,0.2,0.006061258
1.41,-0.3,1.41,0,0,0,0.2,0.2,0.2,0.006060329
1.41,-0.3,1.41,0,0,0,0.2,0.2,0.2,0.006060829
1.41,-0.3,1.41,0,0,0,0.2,0.2,0.2,0.006060856
1.41,-0.3,1.41,0,0,0,0.2,0.2,0.2,0.006060196
1.41,-0.3,1.41,0,0,0,0.2,0.2,0.2,0.006060829
1.41,-0.3,1.41,0,0,0,0.2,0.2,0.2,0.006061345
1.41,-0.3,1.41,0,0,0,0.2,0.2,0.2,0.006060079
1.41,-0.3,1.41,0,0,0,0.2,0.2,0.2,0.006061209
1.41,-0.3,1.41,0,0,0,0.2,0.2,0.2,0.006060404
1.41,-0.3,1.41,0,0,0,0.2,0.2,0.2,0.006060639
1.41,-0.3,1.41,0,0,0,0.2,0.2,0.2,0.006061249
1.41,-0.3,1.41,0,0,0,0.2,0.2,0.2,0.006060183
1.41,-0.3,1.41,0,0,0,0.2,0.2,0.2,0.006061262
1.41,-0.3,1.41,0,0,0,0.2,0.2,0.2,0.006060245
1.41,-0.3,1.41,0,0,0,0.2,0.2,0.2,0.006060931
1.41,-0.3,1.41,0,0,0,0.2,0.2,0.2,0.006060903
1.41,-0.3,1.41,0,0,0,0.2,0.2,0.2,0.006060555
1.41,-0.3,1.41,0,0,0,0.2,0.2,0.2,0.006060728
1.41,-0.3,1.41,0,0,0,0.2,0.2,0.2,0.006061034
1.41,-0.3,1.41,0,0,0,0.2,0.2,0.2,0.006060328
1.41,-0.3,1.41,0,0,0,0.2,0.2,0.2,0.006061216
1.41,-0.3,1.41,0,0,0,0.2,0.2,0.2,0.006060343
1.41,-0.3,1.41,0,0,0,0.2,0.2,0.2,0.006060585
1.41,-0.3,1.41,0,0,0,0.2,0.2,0.2,0.006061399
1.41,-0.3,1.41,0,0,0,0.2,0.2,0.2,0.006060449
1.41,-0.3,1.41,0,0,0,0.2,0.2,0.2,0.006060563
1.41,-0.3,1.41,0,0,0,0.2,0.2,0.2,0.006060689
1.41,-0.3,1.41,0,0,0,0.2,0.2,0.2,0.00606048
1.41,-0.3,1.41,0,0,0,0.2,0.2,0.2,0.006061105
1.41,-0.3,1.41,0,0,0,0.2,0.2,0.2,0.00606033
1.41,-0.3,1.41,0,0,0,0.2,0.2,0.2,0.006060943
1.41,-0.3,1.41,0,0,0,0.2,0.2,0.2,0.006061175
1.41,-0.3,1.41,0,0,0,0.2,0.2,0.2,0.006060206
1.41,-0.3,1.41,0,0,0,0.2,0.2,0.2,0.006061578
1.41,-0.3,1.41,0,0,0,0.2,0.2,0.2,0.006060075
1.41,-0.3,1.41,0,0,0,0.2,0.2,0.2,0.006060491
1.41,-0.3,1.41,0,0,0,0.2,0.2,0.2,0.006061338
1.41,-0.3,1.41,0,0,0,0.2,0.2,0.2,0.006059744
1.41,-0.3,1.41,0,0,0,0.2,0.2,0.2,0.006060967
1.41,-0.3,1.41,0,0,0,0.2,0.2,0.2,0.006060858
1.41,-0.3,1.41,0,0,0,0.2,0.2,0.2,0.006060714
1.41,-0.3,1.41,0,0,0,0.2,0.2,0.2,0.006060882
1.41,-0.3,1.41,0,0,0,0.2,0.2,0.2,0.006060618
1.41,-0.3,1.41,0,0,0,0.2,0.2,0.2,0.006060647
1.41,-0.3,1.41,0,0,0,0.2,0.2,0.2,0.006060659
1.41,-0.3,1.41,0,0,0,0.2,0.2,0.2,0.006060764
1.41,-0.3,1.41,0,0,0,0.2,0.2,0.2,0.006060782
1.41,-0.3,1.41,0,0,0,0.2,0.2,0.2,0.006060612
1.41,-0.3,1.41,0,0,0,0.2,0.2,0.2,0.006060851
1.41,-0.3,1.41,0,0,0,0.2,0.2,0.2,0.006061031
1.41,-0.3,1.41,0,0,0,0.2,0.2,0.2,0.006060393
1.41,-0.3,1.41,0,0,0,0.2,0.2,0.2,0.00606063
1.41,-0.3,1.41,0,0,0,0.2,0.2,0.2,0.006060782
1.41,-0.3,1.41,0,0,0,0.2,0.2,0.2,0.006060486
1.41,-0.3,1.41,0,0,0,0.2,0.2,0.2,0.006060742
1.41,-0.3,1.41,0,0,0,0.2,0.2,0.2,0.006060945
1.41,-0.3,1.41,0,0,0,0.2,0.2,0.2,0.006060436
1.41,-0.3,1.41,0,0,0,0.2,0.2,0.2,0.006061397
1.41,-0.3,1.41,0,0,0,0.2,0.2,0.2,0.006060085
1.41,-0.3,1.41,0,0,0,0.2,0.2,0.2,0.006060843
1.41,-0.3,1.41,0,0,0,0.2,0.2,0.2,0.006061135
1.41,-0.3,1.41,0,0,0,0.2,0.2,0.2,0.006060216
1.41,-0.3,1.41,0,0,0,0.2,0.2,0.2,0.00606084
1.41,-0.3,1.41,0,0,0,0.2,0.2,0.2,0.006060803
1.41,-0.3,1.41,0,0,0,0.2,0.2,0.2,0.006061196
1.41,-0.3,1.41,0,0,0,0.2,0.2,0.2,0.006060636
1.41,-0.3,1.41,0,0,0,0.2,0.2,0.2,0.00606065
1.41,-0.3,1.41,0,0,0,0.2,0.2,0.2,0.006060445
1.41,-0.3,1.41,0,0,0,0.2,0.2,0.2,0.006061029
1.41,-0.3,1.41,0,0,0,0.2,0.2,0.2,0.006060618
1.41,-0.3,1.41,0,0,0,0.2,0.2,0.2,0.006061059
1.41,-0.3,1.41,0,0,0,0.2,0.2,0.2,0.00606095
1.41,-0.3,1.41,0,0,0,0.2,0.2,0.2,0.006060621
1.41,-0.3,1.41,0,0,0,0.2,0.2,0.2,0.006060912
1.41,-0.3,1.41,0,0,0,0.2,0.2,0.2,0.006060047
1.41,-0.3,1.41,0,0,0,0.2,0.2,0.2,0.006060342
1.41,-0.3,1.41,0,0,0,0.2,0.2,0.2,0.006061571
1.41,-0.3,1.41,0,0,0,0.2,0.2,0.2,0.006060773
1.41,-0.3,1.41,0,0,0,0.2,0.2,0.2,0.006061317
1.41,-0.3,1.41,0,0,0,0.2,0.2,0.2,0.0060599
1.41,-0.3,1.41,0,0,0,0.2,0.2,0.2,0.006060451
1.41,-0.3,1.41,0,0,0,0.2,0.2,0.2,0.00606086
1.41,-0.3,1.41,0,0,0,0.2,0.2,0.2,0.006060339
1.41,-0.3,1.41,0,0,0,0.2,0.2,0.2,0.006061608
1.41,-0.3,1.41,0,0,0,0.2,0.2,0.2,0.006060126
1.41,-0.3,1.41,0,0,0,0.2,0.2,0.2,0.006060569
1.41,-0.3,1.41,0,0,0,0.2,0.2,0.2,0.006061408
1.41,-0.3,1.41,0,0,0,0.2,0.2,0.2,0.006060328
1.41,-0.3,1.41,0,0,0,0.2,0.2,0.2,0.006060494
1.41,-0.3,1.41,0,0,0,0.2,0.2,0.2,0.006060895
1.41,-0.3,1.41,0,0,0,0.2,0.2,0.2,0.006060775
1.41,-0.3,1.41,0,0,0,0.2,0.2,0.2,0.006061118
1.41,-0.3,1.41,0,0,0,0.2,0.2,0.2,0.00606031
1.41,-0.3,1.41,0,0,0,0.2,0.2,0.2,0.006060465
1.41,-0.3,1.41,0,0,0,0.2,0.2,0.2,0.006061593
1.41,-0.3,1.41,0,0,0,0.2,0.2,0.2,0.006060126
1.41,-0.3,1.41,0,0,0,0.2,0.2,0.2,0.006061271
1.41,-0.3,1.41,0,0,0,0.2,0.2,0.2,0.006060574
1.41,-0.3,1.41,0,0,0,0.2,0.2,0.2,0.006060491
1.41,-0.3,1.41,0,0,0,0.2,0.2,0.2,0.006061377
1.41,-0.3,1.41,0,0,0,0.2,0.2,0.2,0.006060161
1.41,-0.3,1.41,0,0,0,0.2,0.2,0.2,0.006061175
1.41,-0.3,1.41,0,0,0,0.2,0.2,0.2,0.006060281
1.41,-0.3,1.41,0,0,0,0.2,0.2,0.2,0.006060408
1.41,-0.3,1.41,0,0,0,0.2,0.2,0.2,0.006061253
1.41,-0.3,1.41,0,0,0,0.2,0.2,0.2,0.006060183
1.41,-0.3,1.41,0,0,0,0.2,0.2,0.2,0.006060796
1.41,-0.3,1.41,0,0,0,0.2,0.2,0.2,0.00606156
1.41,-0.3,1.41,0,0,0,0.2,0.2,0.2,0.006060046
1.41,-0.3,1.41,0,0,0,0.2,0.2,0.2,0.006060588
1.41,-0.3,1.41,0,0,0,0.2,0.2,0.2,0.006060666
1.41,-0.3,1.41,0,0,0,0.2,0.2,0.2,0.006060944
1.41,-0.3,1.41,0,0,0,0.2,0.2,0.2,0.006061391
1.41,-0.3,1.41,0,0,0,0.2,0.2,0.2,0.00606034
1.41,-0.3,1.41,0,0,0,0.2,0.2,0.2,0.006060471
1.41,-0.3,1.41,0,0,0,0.2,0.2,0.2,0.006061145
1.41,-0.3,1.41,0,0,0,0.2,0.2,0.2,0.006060467
1.41,-0.3,1.41,0,0,0,0.2,0.2,0.2,0.006060928
1.41,-0.3,1.41,0,0,0,0.2,0.2,0.2,0.00606027
1.41,-0.3,1.41,0,0,0,0.2,0.2,0.2,0.006060679
1.41,-0.3,1.41,0,0,0,0.2,0.2,0.2,0.00606156
1.41,-0.3,1.41,0,0,0,0.2,0.2,0.2,0.006060254
1.41,-0.3,1.41,0,0,0,0.2,0.2,0.2,0.006061681
1.41,-0.3,1.41,0,0,0,0.2,0.2,0.2,0.00606016
1.41,-0.3,1.41,0,0,0,0.2,0.2,0.2,0.006060858
1.41,-0.3,1.41,0,0,0,0.2,0.2,0.2,0.006061039
1.41,-0.3,1.41,0,0,0,0.2,0.2,0.2,0.006060555
1.41,-0.3,1.41,0,0,0,0.2,0.2,0.2,0.00606156
1.41,-0.3,1.41,0,0,0,0.2,0.2,0.2,0.006059893
1.41,-0.3,1.41,0,0,0,0.2,0.2,0.2,0.006060926
1.41,-0.3,1.41,0,0,0,0.2,0.2,0.2,0.006061019
1.41,-0.3,1.41,0,0,0,0.2,0.2,0.2,0.006060173
1.41,-0.3,1.41,0,0,0,0.2,0.2,0.2,0.006061398
1.41,-0.3,1.41,0,0,0,0.2,0.2,0.2,0.006060337
1.41,-0.3,1.41,0,0,0,0.2,0.2,0.2,0.006060599
1.41,-0.3,1.41,0,0,0,0.2,0.2,0.2,0.006061272
1.41,-0.3,1.41,0,0,0,0.2,0.2,0.2,0.006060098
1.41,-0.3,1.41,0,0,0,0.2,0.2,0.2,0.006060593
1.41,-0.3,1.41,0,0,0,0.2,0.2,0.2,0.006061253
1.41,-0.3,1.41,0,0,0,0.2,0.2,0.2,0.006060663
1.41,-0.3,1.41,0,0,0,0.2,0.2,0.2,0.006061487
1.41,-0.3,1.41,0,0,0,0.2,0.2,0.2,0.006060077
1.41,-0.3,1.41,0,0,0,0.2,0.2,0.2,0.006060696
1.41,-0.3,1.41,0,0,0,0.2,0.2,0.2,0.006061006
1.41,-0.3,1.41,0,0,0,0.2,0.2,0.2,0.00606054
1.41,-0.3,1.41,0,0,0,0.2,0.2,0.2,0.006061377
1.41,-0.3,1.41,0,0,0,0.2,0.2,0.2,0.0060598
1.41,-0.3,1.41,0,0,0,0.2,0.2,0.2,0.006060836
1.41,-0.3,1.41,0,0,0,0.2,0.2,0.2,0.006061123
1.41,-0.3,1.41,0,0,0,0.2,0.2,0.2,0.006060246
1.41,-0.3,1.41,0,0,0,0.2,0.2,0.2,0.006060764
1.41,-0.3,1.41,0,0,0,0.2,0.2,0.2,0.006060695
1.41,-0.3,1.41,0,0,0,0.2,0.2,0.2,0.006060993
1.41,-0.3,1.41,0,0,0,0.2,0.2,0.2,0.006060872
1.41,-0.3,1.41,0,0,0,0.2,0.2,0.2,0.006061088
1.41,-0.3,1.41,0,0,0,0.2,0.2,0.2,0.006060223
1.41,-0.3,1.41,0,0,0,0.2,0.2,0.2,0.006061206
1.41,-0.3,1.41,0,0,0,0.2,0.2,0.2,0.00605983
1.41,-0.3,1.41,0,0,0,0.2,0.2,0.2,0.006061301
1.41,-0.3,1.41,0,0,0,0.2,0.2,0.2,0.00605994
1.41,-0.3,1.41,0,0,0,0.2,0.2,0.2,0.006061089
1.41,-0.3,1.41,0,0,0,0.2,0.2,0.2,0.006060634
1.41,-0.3,1.41,0,0,0,0.2,0.2,0.2,0.006060525
1.41,-0.3,1.41,0,0,0,0.2,0.2,0.2,0.00606071
1.41,-0.3,1.41,0,0,0,0.2,0.2,0.2,0.006061084
1.41,-0.3,1.41,0,0,0,0.2,0.2,0.2,0.006060543
1.41,-0.3,1.41,0,0,0,0.2,0.2,0.2,0.00606615
1.41,-0.3,1.41,0,0,0,0.2,0.2,0.2,0.006060762
1.41,-0.3,1.41,0,0,0,0.2,0.2,0.2,0.006061704
1.41,-0.3,1.41,0,0,0,0.2,0.2,0.2,0.006060035
1.41,-0.3,1.41,0,0,0,0.2,0.2,0.2,0.006061315
1.41,-0.3,1.41,0,0,0,0.2,0.2,0.2,0.006060385
1.41,-0.3,1.41,0,0,0,0.2,0.2,0.2,0.006060867
1.41,-0.3,1.41,0,0,0,0.2,0.2,0.2,0.006061436
1.41,-0.3,1.41,0,0,0,0.2,0.2,0.2,0.006059935
1.41,-0.3,1.41,0,0,0,0.2,0.2,0.2,0.006061532
1.41,-0.3,1.41,0,0,0,0.2,0.2,0.2,0.006060422
1.41,-0.3,1.41,0,0,0,0.2,0.2,0.2,0.006060576
1.41,-0.3,1.41,0,0,0,0.2,0.2,0.2,0.006061625
1.41,-0.3,1.41,0,0,0,0.2,0.2,0.2,0.006059994
1.41,-0.3,1.41,0,0,0,0.2,0.2,0.2,0.006060282
1.41,-0.3,1.41,0,0,0,0.2,0.2,0.2,0.006061189
1.41,-0.3,1.41,0,0,0,0.2,0.2,0.2,0.006060649
1.41,-0.3,1.41,0,0,0,0.2,0.2,0.2,0.006061351
1.41,-0.3,1.41,0,0,0,0.2,0.2,0.2,0.006059886
1.41,-0.3,1.41,0,0,0,0.2,0.2,0.2,0.006061043
1.41,-0.3,1.41,0,0,0,0.2,0.2,0.2,0.006060916
1.41,-0.3,1.41,0,0,0,0.2,0.2,0.2,0.006060645
1.41,-0.3,1.41,0,0,0,0.2,0.2,0.2,0.006061358
1.41,-0.3,1.41,0,0,0,0.2,0.2,0.2,0.006059683
1.41,-0.3,1.41,0,0,0,0.2,0.2,0.2,0.006061323
1.41,-0.3,1.41,0,0,0,0.2,0.2,0.2,0.006060617
1.41,-0.3,1.41,0,0,0,0.2,0.2,0.2,0.006060149
1.41,-0.3,1.41,0,0,0,0.2,0.2,0.2,0.006061872
1.41,-0.3,1.41,0,0,0,0.2,0.2,0.2,0.006059845
1.41,-0.3,1.41,0,0,0,0.2,0.2,0.2,0.006060805
1.41,-0.3,1.41,0,0,0,0.2,0.2,0.2,0.006061383
1.41,-0.3,1.41,0,0,0,0.2,0.2,0.2,0.006060042
1.41,-0.3,1.41,0,0,0,0.2,0.2,0.2,0.006060818
1.41,-0.3,1.41,0,0,0,0.2,0.2,0.2,0.006060643
1.41,-0.3,1.41,0,0,0,0.2,0.2,0.2,0.006060666
1.41,-0.3,1.41,0,0,0,0.2,0.2,0.2,0.006061413
1.41,-0.3,1.41,0,0,0,0.2,0.2,0.2,0.006060071
1.41,-0.3,1.41,0,0,0,0.2,0.2,0.2,0.006060749
1.41,-0.3,1.41,0,0,0,0.2,0.2,0.2,0.00606106
1.41,-0.3,1.41,0,0,0,0.2,0.2,0.2,0.006060359
1.41,-0.3,1.41,0,0,0,0.2,0.2,0.2,0.006060747
1.41,-0.3,1.41,0,0,0,0.2,0.2,0.2,0.006061429
1.41,-0.3,1.41,0,0,0,0.2,0.2,0.2,0.006060821
1.41,-0.3,1.41,0,0,0,0.2,0.2,0.2,0.006060817
1.41,-0.3,1.41,0,0,0,0.2,0.2,0.2,0.006060326
1.41,-0.3,1.41,0,0,0,0.2,0.2,0.2,0.006061392
1.41,-0.3,1.41,0,0,0,0.2,0.2,0.2,0.006060251
1.41,-0.3,1.41,0,0,0,0.2,0.2,0.2,0.006061056
1.41,-0.3,1.41,0,0,0,0.2,0.2,0.2,0.006060607
1.41,-0.3,1.41,0,0,0,0.2,0.2,0.2,0.006060334
1.41,-0.3,1.41,0,0,0,0.2,0.2,0.2,0.006060812
1.41,-0.3,1.41,0,0,0,0.2,0.2,0.2,0.006061211
1.41,-0.3,1.41,0,0,0,0.2,0.2,0.2,0.006060247
1.41,-0.3,1.41,0,0,0,0.2,0.2,0.2,0.006060368
1.41,-0.3,1.41,0,0,0,0.2,0.2,0.2,0.006060949
1.41,-0.3,1.41,0,0,0,0.2,0.2,0.2,0.006060832
1.41,-0.3,1.41,0,0,0,0.2,0.2,0.2,0.006061234
1.41,-0.3,1.41,0,0,0,0.2,0.2,0.2,0.006060384
1.41,-0.3,1.41,0,0,0,0.2,0.2,0.2,0.006060441
1.41,-0.3,1.41,0,0,0,0.2,0.2,0.2,0.006060901
1.41,-0.3,1.41,0,0,0,0.2,0.2,0.2,0.006061008
1.41,-0.3,1.41,0,0,0,0.2,0.2,0.2,0.006061241
1.41,-0.3,1.41,0,0,0,0.2,0.2,0.2,0.006060299
1.41,-0.3,1.41,0,0,0,0.2,0.2,0.2,0.006060665
1.41,-0.3,1.41,0,0,0,0.2,0.2,0.2,0.006061069
1.41,-0.3,1.41,0,0,0,0.2,0.2,0.2,0.006060539
1.41,-0.3,1.41,0,0,0,0.2,0.2,0.2,0.006061013
1.41,-0.3,1.41,0,0,0,0.2,0.2,0.2,0.006060251
1.41,-0.3,1.41,0,0,0,0.2,0.2,0.2,0.006061154
1.41,-0.3,1.41,0,0,0,0.2,0.2,0.2,0.006060894
1.41,-0.3,1.41,0,0,0,0.2,0.2,0.2,0.006060087
1.41,-0.3,1.41,0,0,0,0.2,0.2,0.2,0.00606151
1.41,-0.3,1.41,0,0,0,0.2,0.2,0.2,0.006060201
1.41,-0.3,1.41,0,0,0,0.2,0.2,0.2,0.00606086
1.41,-0.3,1.41,0,0,0,0.2,0.2,0.2,0.00606098
1.41,-0.3,1.41,0,0,0,0.2,0.2,0.2,0.006060277
1.41,-0.3,1.41,0,0,0,0.2,0.2,0.2,0.006060673
1.41,-0.3,1.41,0,0,0,0.2,0.2,0.2,0.006061224
1.41,-0.3,1.41,0,0,0,0.2,0.2,0.2,0.006060376
1.41,-0.3,1.41,0,0,0,0.2,0.2,0.2,0.006061167
1.41,-0.3,1.41,0,0,0,0.2,0.2,0.2,0.006060645
1.41,-0.3,1.41,0,0,0,0.2,0.2,0.2,0.006060353
1.41,-0.3,1.41,0,0,0,0.2,0.2,0.2,0.006061633
1.41,-0.3,1.41,0,0,0,0.2,0.2,0.2,0.006060205
1.41,-0.3,1.41,0,0,0,0.2,0.2,0.2,0.006060448
1.41,-0.3,1.41,0,0,0,0.2,0.2,0.2,0.006061085
1.41,-0.3,1.41,0,0,0,0.2,0.2,0.2,0.006060152
1.41,-0.3,1.41,0,0,0,0.2,0.2,0.2,0.006061782
1.41,-0.3,1.41,0,0,0,0.2,0.2,0.2,0.00606007
1.41,-0.3,1.41,0,0,0,0.2,0.2,0.2,0.006060912
1.41,-0.3,1.41,0,0,0,0.2,0.2,0.2,0.006061034
1.41,-0.3,1.41,0,0,0,0.2,0.2,0.2,0.006060182
1.41,-0.3,1.41,0,0,0,0.2,0.2,0.2,0.006061593
1.41,-0.3,1.41,0,0,0,0.2,0.2,0.2,0.006060285
1.41,-0.3,1.41,0,0,0,0.2,0.2,0.2,0.006060283
1.41,-0.3,1.41,0,0,0,0.2,0.2,0.2,0.006061426
1.41,-0.3,1.41,0,0,0,0.2,0.2,0.2,0.006060404
1.41,-0.3,1.41,0,0,0,0.2,0.2,0.2,0.006061383
1.41,-0.3,1.41,0,0,0,0.2,0.2,0.2,0.006060215
1.41,-0.3,1.41,0,0,0,0.2,0.2,0.2,0.006060816
1.41,-0.3,1.41,0,0,0,0.2,0.2,0.2,0.006061182
1.41,-0.3,1.41,0,0,0,0.2,0.2,0.2,0.006060292
1.41,-0.3,1.41,0,0,0,0.2,0.2,0.2,0.006061431
1.41,-0.3,1.41,0,0,0,0.2,0.2,0.2,0.006060353
1.41,-0.3,1.41,0,0,0,0.2,0.2,0.2,0.006060625
1.41,-0.3,1.41,0,0,0,0.2,0.2,0.2,0.006061141
1.41,-0.3,1.41,0,0,0,0.2,0.2,0.2,0.006060285
1.41,-0.3,1.41,0,0,0,0.2,0.2,0.2,0.006061339
1.41,-0.3,1.41,0,0,0,0.2,0.2,0.2,0.006060232
1.41,-0.3,1.41,0,0,0,0.2,0.2,0.2,0.006060264
1.41,-0.3,1.41,0,0,0,0.2,0.2,0.2,0.006061776
1.41,-0.3,1.41,0,0,0,0.2,0.2,0.2,0.006059839
1.41,-0.3,1.41,0,0,0,0.2,0.2,0.2,0.006060973
1.41,-0.3,1.41,0,0,0,0.2,0.2,0.2,0.006061162
1.41,-0.3,1.41,0,0,0,0.2,0.2,0.2,0.006060285
1.41,-0.3,1.41,0,0,0,0.2,0.2,0.2,0.006061157
1.41,-0.3,1.41,0,0,0,0.2,0.2,0.2,0.006060246
1.41,-0.3,1.41,0,0,0,0.2,0.2,0.2,0.006060828
1.41,-0.3,1.41,0,0,0,0.2,0.2,0.2,0.006061333
1.41,-0.3,1.41,0,0,0,0.2,0.2,0.2,0.006060089
1.41,-0.3,1.41,0,0,0,0.2,0.2,0.2,0.006061579
1.41,-0.3,1.41,0,0,0,0.2,0.2,0.2,0.006060093
1.41,-0.3,1.41,0,0,0,0.2,0.2,0.2,0.006060858
1.41,-0.3,1.41,0,0,0,0.2,0.2,0.2,0.006061162
1.41,-0.3,1.41,0,0,0,0.2,0.2,0.2,0.006060142
1.41,-0.3,1.41,0,0,0,0.2,0.2,0.2,0.006060634
1.41,-0.3,1.41,0,0,0,0.2,0.2,0.2,0.006061119
1.41,-0.3,1.41,0,0,0,0.2,0.2,0.2,0.006060348
1.41,-0.3,1.41,0,0,0,0.2,0.2,0.2,0.006061237
1.41,-0.3,1.41,0,0,0,0.2,0.2,0.2,0.006060667
1.41,-0.3,1.41,0,0,0,0.2,0.2,0.2,0.006066483
1.41,-0.3,1.41,0,0,0,0.2,0.2,0.2,0.006055056
1.41,-0.3,1.41,0,0,0,0.2,0.2,0.2,0.006060049
1.41,-0.3,1.41,0,0,0,0.2,0.2,0.2,0.006060817
1.41,-0.3,1.41,0,0,0,0.2,0.2,0.2,0.006061192
1.41,-0.3,1.41,0,0,0,0.2,0.2,0.2,0.006060196
1.41,-0.3,1.41,0,0,0,0.2,0.2,0.2,0.006061345
1.41,-0.3,1.41,0,0,0,0.2,0.2,0.2,0.006060166
1.41,-0.3,1.41,0,0,0,0.2,0.2,0.2,0.006060734
1.41,-0.3,1.41,0,0,0,0.2,0.2,0.2,0.006061294
1.41,-0.3,1.41,0,0,0,0.2,0.2,0.2,0.006060155
1.41,-0.3,1.41,0,0,0,0.2,0.2,0.2,0.006061556
1.41,-0.3,1.41,0,0,0,0.2,0.2,0.2,0.006060249
1.41,-0.3,1.41,0,0,0,0.2,0.2,0.2,0.006061217
1.41,-0.3,1.41,0,0,0,0.2,0.2,0.2,0.006060903
1.41,-0.3,1.41,0,0,0,0.2,0.2,0.2,0.006060183
1.41,-0.3,1.41,0,0,0,0.2,0.2,0.2,0.006061263
1.41,-0.3,1.41,0,0,0,0.2,0.2,0.2,0.006060131
1.41,-0.3,1.41,0,0,0,0.2,0.2,0.2,0.006061228
1.41,-0.3,1.41,0,0,0,0.2,0.2,0.2,0.006060908
1.41,-0.3,1.41,0,0,0,0.2,0.2,0.2,0.006060195
1.41,-0.3,1.41,0,0,0,0.2,0.2,0.2,0.006060679
1.41,-0.3,1.41,0,0,0,0.2,0.2,0.2,0.006060986
1.41,-0.3,1.41,0,0,0,0.2,0.2,0.2,0.006061087
1.41,-0.3,1.41,0,0,0,0.2,0.2,0.2,0.006061136
1.41,-0.3,1.41,0,0,0,0.2,0.2,0.2,0.006060087
1.41,-0.3,1.41,0,0,0,0.2,0.2,0.2,0.006060832
1.41,-0.3,1.41,0,0,0,0.2,0.2,0.2,0.006060939
1.41,-0.3,1.41,0,0,0,0.2,0.2,0.2,0.006060216
1.41,-0.3,1.41,0,0,0,0.2,0.2,0.2,0.006061451
1.41,-0.3,1.41,0,0,0,0.2,0.2,0.2,0.006060409
1.41,-0.3,1.41,0,0,0,0.2,0.2,0.2,0.006060458
1.41,-0.3,1.41,0,0,0,0.2,0.2,0.2,0.00606136
1.41,-0.3,1.41,0,0,0,0.2,0.2,0.2,0.006060014
1.41,-0.3,1.41,0,0,0,0.2,0.2,0.2,0.006060699
1.41,-0.3,1.41,0,0,0,0.2,0.2,0.2,0.006061124
1.41,-0.3,1.41,0,0,0,0.2,0.2,0.2,0.006060332
1.41,-0.3,1.41,0,0,0,0.2,0.2,0.2,0.006061753
1.41,-0.3,1.41,0,0,0,0.2,0.2,0.2,0.006059604
1.41,-0.3,1.41,0,0,0,0.2,0.2,0.2,0.006060743
1.41,-0.3,1.41,0,0,0,0.2,0.2,0.2,0.006061422
1.41,-0.3,1.41,0,0,0,0.2,0.2,0.2,0.006060274
1.41,-0.3,1.41,0,0,0,0.2,0.2,0.2,0.006061261
1.41,-0.3,1.41,0,0,0,0.2,0.2,0.2,0.00606012
1.41,-0.3,1.41,0,0,0,0.2,0.2,0.2,0.00606063
1.41,-0.3,1.41,0,0,0,0.2,0.2,0.2,0.006061017
1.41,-0.3,1.41,0,0,0,0.2,0.2,0.2,0.00606054
1.41,-0.3,1.41,0,0,0,0.2,0.2,0.2,0.006060929
1.41,-0.3,1.41,0,0,0,0.2,0.2,0.2,0.006060564
1.41,-0.3,1.41,0,0,0,0.2,0.2,0.2,0.006061225
1.41,-0.3,1.41,0,0,0,0.2,0.2,0.2,0.006061143
1.41,-0.3,1.41,0,0,0,0.2,0.2,0.2,0.006060375
1.41,-0.3,1.41,0,0,0,0.2,0.2,0.2,0.006060507
1.41,-0.3,1.41,0,0,0,0.2,0.2,0.2,0.006060931
1.41,-0.3,1.41,0,0,0,0.2,0.2,0.2,0.006060418
1.41,-0.3,1.41,0,0,0,0.2,0.2,0.2,0.006061331
1.41,-0.3,1.41,0,0,0,0.2,0.2,0.2,0.006060207
1.41,-0.3,1.41,0,0,0,0.2,0.2,0.2,0.006061042
1.41,-0.3,1.41,0,0,0,0.2,0.2,0.2,0.006060906
1.41,-0.3,1.41,0,0,0,0.2,0.2,0.2,0.006060448
1.41,-0.3,1.41,0,0,0,0.2,0.2,0.2,0.006061388
1.41,-0.3,1.41,0,0,0,0.2,0.2,0.2,0.006060167
1.41,-0.3,1.41,0,0,0,0.2,0.2,0.2,0.006060768
1.41,-0.3,1.41,0,0,0,0.2,0.2,0.2,0.006060882
1.41,-0.3,1.41,0,0,0,0.2,0.2,0.2,0.006060151
1.41,-0.3,1.41,0,0,0,0.2,0.2,0.2,0.006060861
1.41,-0.3,1.41,0,0,0,0.2,0.2,0.2,0.00606102
1.41,-0.3,1.41,0,0,0,0.2,0.2,0.2,0.006060559
1.41,-0.3,1.41,0,0,0,0.2,0.2,0.2,0.00606039
1.41,-0.3,1.41,0,0,0,0.2,0.2,0.2,0.006060909
1.41,-0.3,1.41,0,0,0,0.2,0.2,0.2,0.006060808
1.41,-0.3,1.41,0,0,0,0.2,0.2,0.2,0.006060693
1.41,-0.3,1.41,0,0,0,0.2,0.2,0.2,0.006060556
1.41,-0.3,1.41,0,0,0,0.2,0.2,0.2,0.006060506
1.41,-0.3,1.41,0,0,0,0.2,0.2,0.2,0.006061341
1.41,-0.3,1.41,0,0,0,0.2,0.2,0.2,0.006060886
1.41,-0.3,1.41,0,0,0,0.2,0.2,0.2,0.006060924
1.41,-0.3,1.41,0,0,0,0.2,0.2,0.2,0.00606045
1.41,-0.3,1.41,0,0,0,0.2,0.2,0.2,0.006060824
1.41,-0.3,1.41,0,0,0,0.2,0.2,0.2,0.006061203
1.41,-0.3,1.41,0,0,0,0.2,0.2,0.2,0.006060593
1.41,-0.3,1.41,0,0,0,0.2,0.2,0.2,0.006060867
1.41,-0.3,1.41,0,0,0,0.2,0.2,0.2,0.006060184
1.41,-0.3,1.41,0,0,0,0.2,0.2,0.2,0.006060718
1.41,-0.3,1.41,0,0,0,0.2,0.2,0.2,0.006061177
1.41,-0.3,1.41,0,0,0,0.2,0.2,0.2,0.006060648
1.41,-0.3,1.41,0,0,0,0.2,0.2,0.2,0.006060332
1.41,-0.3,1.41,0,0,0,0.2,0.2,0.2,0.006061323
1.41,-0.3,1.41,0,0,0,0.2,0.2,0.2,0.006060135
1.41,-0.3,1.41,0,0,0,0.2,0.2,0.2,0.006061186
1.41,-0.3,1.41,0,0,0,0.2,0.2,0.2,0.006060165
1.41,-0.3,1.41,0,0,0,0.2,0.2,0.2,0.00606053
1.41,-0.3,1.41,0,0,0,0.2,0.2,0.2,0.006061534
1.41,-0.3,1.41,0,0,0,0.2,0.2,0.2,0.006059987
1.41,-0.3,1.41,0,0,0,0.2,0.2,0.2,0.006061604
1.41,-0.3,1.41,0,0,0,0.2,0.2,0.2,0.006060273
1.41,-0.3,1.41,0,0,0,0.2,0.2,0.2,0.006060627
1.41,-0.3,1.41,0,0,0,0.2,0.2,0.2,0.006060993
1.41,-0.3,1.41,0,0,0,0.2,0.2,0.2,0.006060332
1.41,-0.3,1.41,0,0,0,0.2,0.2,0.2,0.006060674
1.41,-0.3,1.41,0,0,0,0.2,0.2,0.2,0.006108774
1.41,-0.3,1.41,0,0,0,0.2,0.2,0.2,0.006060416
1.41,-0.3,1.41,0,0,0,0.2,0.2,0.2,0.006061129
1.41,-0.3,1.41,0,0,0,0.2,0.2,0.2,0.006060188
1.41,-0.3,1.41,0,0,0,0.2,0.2,0.2,0.006060848
1.41,-0.3,1.41,0,0,0,0.2,0.2,0.2,0.006060733
1.41,-0.3,1.41,0,0,0,0.2,0.2,0.2,0.006060644
1.41,-0.3,1.41,0,0,0,0.2,0.2,0.2,0.00606128
1.41,-0.3,1.41,0,0,0,0.2,0.2,0.2,0.006060558
1.41,-0.3,1.41,0,0,0,0.2,0.2,0.2,0.006060375
1.41,-0.3,1.41,0,0,0,0.2,0.2,0.2,0.006060963
1.41,-0.3,1.41,0,0,0,0.2,0.2,0.2,0.006060837
1.41,-0.3,1.41,0,0,0,0.2,0.2,0.2,0.0060609
1.41,-0.3,1.41,0,0,0,0.2,0.2,0.2,0.006060336
1.41,-0.3,1.41,0,0,0,0.2,0.2,0.2,0.006060937
1.41,-0.3,1.41,0,0,0,0.2,0.2,0.2,0.006061278
1.41,-0.3,1.41,0,0,0,0.2,0.2,0.2,0.006059504
1.41,-0.3,1.41,0,0,0,0.2,0.2,0.2,0.006061655
1.41,-0.3,1.41,0,0,0,0.2,0.2,0.2,0.006060563
1.41,-0.3,1.41,0,0,0,0.2,0.2,0.2,0.00606062
1.41,-0.3,1.41,0,0,0,0.2,0.2,0.2,0.00606124
1.41,-0.3,1.41,0,0,0,0.2,0.2,0.2,0.006060084
1.41,-0.3,1.41,0,0,0,0.2,0.2,0.2,0.006060664
1.41,-0.3,1.41,0,0,0,0.2,0.2,0.2,0.006061384
1.41,-0.3,1.41,0,0,0,0.2,0.2,0.2,0.006060097
1.41,-0.3,1.41,0,0,0,0.2,0.2,0.2,0.006061398
1.41,-0.3,1.41,0,0,0,0.2,0.2,0.2,0.006059989
1.41,-0.3,1.41,0,0,0,0.2,0.2,0.2,0.006060749
1.41,-0.3,1.41,0,0,0,0.2,0.2,0.2,0.006061774
1.41,-0.3,1.41,0,0,0,0.2,0.2,0.2,0.006059531
1.41,-0.3,1.41,0,0,0,0.2,0.2,0.2,0.006060882
1.41,-0.3,1.41,0,0,0,0.2,0.2,0.2,0.00606072
1.41,-0.3,1.41,0,0,0,0.2,0.2,0.2,0.006060602
1.41,-0.3,1.41,0,0,0,0.2,0.2,0.2,0.006061193
1.41,-0.3,1.41,0,0,0,0.2,0.2,0.2,0.006060282
1.41,-0.3,1.41,0,0,0,0.2,0.2,0.2,0.006060863
1.41,-0.3,1.41,0,0,0,0.2,0.2,0.2,0.006061351
1.41,-0.3,1.41,0,0,0,0.2,0.2,0.2,0.006060238
1.41,-0.3,1.41,0,0,0,0.2,0.2,0.2,0.006060366
1.41,-0.3,1.41,0,0,0,0.2,0.2,0.2,0.006061356
1.41,-0.3,1.41,0,0,0,0.2,0.2,0.2,0.006060291
1.41,-0.3,1.41,0,0,0,0.2,0.2,0.2,0.006061007
1.41,-0.3,1.41,0,0,0,0.2,0.2,0.2,0.006060306
1.41,-0.3,1.41,0,0,0,0.2,0.2,0.2,0.006060649
1.41,-0.3,1.41,0,0,0,0.2,0.2,0.2,0.006061395
1.41,-0.3,1.41,0,0,0,0.2,0.2,0.2,0.006060094
1.41,-0.3,1.41,0,0,0,0.2,0.2,0.2,0.006061424
1.41,-0.3,1.41,0,0,0,0.2,0.2,0.2,0.006060017
1.41,-0.3,1.41,0,0,0,0.2,0.2,0.2,0.00606082
1.41,-0.3,1.41,0,0,0,0.2,0.2,0.2,0.006061195
1.41,-0.3,1.41,0,0,0,0.2,0.2,0.2,0.00606031
1.41,-0.3,1.41,0,0,0,0.2,0.2,0.2,0.006060531
1.41,-0.3,1.41,0,0,0,0.2,0.2,0.2,0.006060983
1.41,-0.3,1.41,0,0,0,0.2,0.2,0.2,0.00606098
1.41,-0.3,1.41,0,0,0,0.2,0.2,0.2,0.006060312
1.41,-0.3,1.41,0,0,0,0.2,0.2,0.2,0.006061033
1.41,-0.3,1.41,0,0,0,0.2,0.2,0.2,0.006060377
1.41,-0.3,1.41,0,0,0,0.2,0.2,0.2,0.006061367
1.41,-0.3,1.41,0,0,0,0.2,0.2,0.2,0.006060648
1.41,-0.3,1.41,0,0,0,0.2,0.2,0.2,0.006061032
1.41,-0.3,1.41,0,0,0,0.2,0.2,0.2,0.006060325
1.41,-0.3,1.41,0,0,0,0.2,0.2,0.2,0.00606033
1.41,-0.3,1.41,0,0,0,0.2,0.2,0.2,0.006061094
1.41,-0.3,1.41,0,0,0,0.2,0.2,0.2,0.006060326
1.41,-0.3,1.41,0,0,0,0.2,0.2,0.2,0.006060764
1.41,-0.3,1.41,0,0,0,0.2,0.2,0.2,0.006061505
1.41,-0.3,1.41,0,0,0,0.2,0.2,0.2,0.006060026
1.41,-0.3,1.41,0,0,0,0.2,0.2,0.2,0.006060552
1.41,-0.3,1.41,0,0,0,0.2,0.2,0.2,0.006060932
1.41,-0.3,1.41,0,0,0,0.2,0.2,0.2,0.006060737
1.41,-0.3,1.41,0,0,0,0.2,0.2,0.2,0.006061383
1.41,-0.3,1.41,0,0,0,0.2,0.2,0.2,0.006060216
1.41,-0.3,1.41,0,0,0,0.2,0.2,0.2,0.00606154
1.41,-0.3,1.41,0,0,0,0.2,0.2,0.2,0.006060135
1.41,-0.3,1.41,0,0,0,0.2,0.2,0.2,0.006060253
1.41,-0.3,1.41,0,0,0,0.2,0.2,0.2,0.006061923
1.41,-0.3,1.41,0,0,0,0.2,0.2,0.2,0.006059947
1.41,-0.3,1.41,0,0,0,0.2,0.2,0.2,0.006060811
1.41,-0.3,1.41,0,0,0,0.2,0.2,0.2,0.0060613
1.41,-0.3,1.41,0,0,0,0.2,0.2,0.2,0.006060041
1.41,-0.3,1.41,0,0,0,0.2,0.2,0.2,0.006061301
1.41,-0.3,1.41,0,0,0,0.2,0.2,0.2,0.006060124
1.41,-0.3,1.41,0,0,0,0.2,0.2,0.2,0.006060618
1.41,-0.3,1.41,0,0,0,0.2,0.2,0.2,0.006060769
1.41,-0.3,1.41,0,0,0,0.2,0.2,0.2,0.00606085
1.41,-0.3,1.41,0,0,0,0.2,0.2,0.2,0.006060552
1.41,-0.3,1.41,0,0,0,0.2,0.2,0.2,0.006061368
1.41,-0.3,1.41,0,0,0,0.2,0.2,0.2,0.006060237
1.41,-0.3,1.41,0,0,0,0.2,0.2,0.2,0.006061248
1.41,-0.3,1.41,0,0,0,0.2,0.2,0.2,0.006360134
1.41,-0.3,1.41,0,0,0,0.2,0.2,0.2,0.006060159
1.41,-0.3,1.41,0,0,0,0.2,0.2,0.2,0.006060786
1.41,-0.3,1.41,0,0,0,0.2,0.2,0.2,0.006060917
1.41,-0.3,1.41,0,0,0,0.2,0.2,0.2,0.006060827
1.41,-0.3,1.41,0,0,0,0.2,0.2,0.2,0.006061444
1.41,-0.3,1.41,0,0,0,0.2,0.2,0.2,0.006060214
1.41,-0.3,1.41,0,0,0,0.2,0.2,0.2,0.006060782
1.41,-0.3,1.41,0,0,0,0.2,0.2,0.2,0.006060874
1.41,-0.3,1.41,0,0,0,0.2,0.2,0.2,0.006061112
1.41,-0.3,1.41,0,0,0,0.2,0.2,0.2,0.006060965
1.41,-0.3,1.41,0,0,0,0.2,0.2,0.2,0.006060178
1.41,-0.3,1.41,0,0,0,0.2,0.2,0.2,0.006060501
1.41,-0.3,1.41,0,0,0,0.2,0.2,0.2,0.006061208
1.41,-0.3,1.41,0,0,0,0.2,0.2,0.2,0.006061131
1.41,-0.3,1.41,0,0,0,0.2,0.2,0.2,0.006060965
1.41,-0.3,1.41,0,0,0,0.2,0.2,0.2,0.006060071
1.41,-0.3,1.41,0,0,0,0.2,0.2,0.2,0.006060936
1.41,-0.3,1.41,0,0,0,0.2,0.2,0.2,0.006060503
1.41,-0.3,1.41,0,0,0,0.2,0.2,0.2,0.00606074
1.41,-0.3,1.41,0,0,0,0.2,0.2,0.2,0.006061432
1.41,-0.3,1.41,0,0,0,0.2,0.2,0.2,0.006060019
1.41,-0.3,1.41,0,0,0,0.2,0.2,0.2,0.006061069
1.41,-0.3,1.41,0,0,0,0.2,0.2,0.2,0.006060912
1.41,-0.3,1.41,0,0,0,0.2,0.2,0.2,0.006060434
1.41,-0.3,1.41,0,0,0,0.2,0.2,0.2,0.006061326
1.41,-0.3,1.41,0,0,0,0.2,0.2,0.2,0.006059787
1.41,-0.3,1.41,0,0,0,0.2,0.2,0.2,0.006061322
1.41,-0.3,1.41,0,0,0,0.2,0.2,0.2,0.00606084
1.41,-0.3,1.41,0,0,0,0.2,0.2,0.2,0.006060516
1.41,-0.3,1.41,0,0,0,0.2,0.2,0.2,0.006060406
1.41,-0.3,1.41,0,0,0,0.2,0.2,0.2,0.006060981
1.41,-0.3,1.41,0,0,0,0.2,0.2,0.2,0.006060607
1.41,-0.3,1.41,0,0,0,0.2,0.2,0.2,0.006061322
1.41,-0.3,1.41,0,0,0,0.2,0.2,0.2,0.006060091
1.41,-0.3,1.41,0,0,0,0.2,0.2,0.2,0.006060686
1.41,-0.3,1.41,0,0,0,0.2,0.2,0.2,0.00606121
1.41,-0.3,1.41,0,0,0,0.2,0.2,0.2,0.00606048
1.41,-0.3,1.41,0,0,0,0.2,0.2,0.2,0.006060786
1.41,-0.3,1.41,0,0,0,0.2,0.2,0.2,0.006060372
1.41,-0.3,1.41,0,0,0,0.2,0.2,0.2,0.006060749
1.41,-0.3,1.41,0,0,0,0.2,0.2,0.2,0.006061194
1.41,-0.3,1.41,0,0,0,0.2,0.2,0.2,0.006060322
1.41,-0.3,1.41,0,0,0,0.2,0.2,0.2,0.006060894
1.41,-0.3,1.41,0,0,0,0.2,0.2,0.2,0.006060905
1.41,-0.3,1.41,0,0,0,0.2,0.2,0.2,0.006060498
1.41,-0.3,1.41,0,0,0,0.2,0.2,0.2,0.006061238
1.41,-0.3,1.41,0,0,0,0.2,0.2,0.2,0.00606003
1.41,-0.3,1.41,0,0,0,0.2,0.2,0.2,0.006060898
1.41,-0.3,1.41,0,0,0,0.2,0.2,0.2,0.0060613
1.41,-0.3,1.41,0,0,0,0.2,0.2,0.2,0.006060517
1.41,-0.3,1.41,0,0,0,0.2,0.2,0.2,0.006061024
1.41,-0.3,1.41,0,0,0,0.2,0.2,0.2,0.006060519
1.41,-0.3,1.41,0,0,0,0.2,0.2,0.2,0.006060236
1.41,-0.3,1.41,0,0,0,0.2,0.2,0.2,0.006060996
1.41,-0.3,1.41,0,0,0,0.2,0.2,0.2,0.00606064
1.41,-0.3,1.41,0,0,0,0.2,0.2,0.2,0.006060661
1.41,-0.3,1.41,0,0,0,0.2,0.2,0.2,0.006061443
1.41,-0.3,1.41,0,0,0,0.2,0.2,0.2,0.006060042
1.41,-0.3,1.41,0,0,0,0.2,0.2,0.2,0.006060385
1.41,-0.3,1.41,0,0,0,0.2,0.2,0.2,0.006061409
1.41,-0.3,1.41,0,0,0,0.2,0.2,0.2,0.006060289
1.41,-0.3,1.41,0,0,0,0.2,0.2,0.2,0.006061237
1.41,-0.3,1.41,0,0,0,0.2,0.2,0.2,0.006060185
1.41,-0.3,1.41,0,0,0,0.2,0.2,0.2,0.006060598
1.41,-0.3,1.41,0,0,0,0.2,0.2,0.2,0.00606134
1.41,-0.3,1.41,0,0,0,0.2,0.2,0.2,0.006060554
1.41,-0.3,1.41,0,0,0,0.2,0.2,0.2,0.006060869
1.41,-0.3,1.41,0,0,0,0.2,0.2,0.2,0.006060208
1.41,-0.3,1.41,0,0,0,0.2,0.2,0.2,0.006060463
1.41,-0.3,1.41,0,0,0,0.2,0.2,0.2,0.006061962
1.41,-0.3,1.41,0,0,0,0.2,0.2,0.2,0.006060096
1.41,-0.3,1.41,0,0,0,0.2,0.2,0.2,0.006061127
1.41,-0.3,1.41,0,0,0,0.2,0.2,0.2,0.006060602
1.41,-0.3,1.41,0,0,0,0.2,0.2,0.2,0.006060275
1.41,-0.3,1.41,0,0,0,0.2,0.2,0.2,0.006061275
1.41,-0.3,1.41,0,0,0,0.2,0.2,0.2,0.006060431
1.41,-0.3,1.41,0,0,0,0.2,0.2,0.2,0.006060335
1.41,-0.3,1.41,0,0,0,0.2,0.2,0.2,0.006061347
1.41,-0.3,1.41,0,0,0,0.2,0.2,0.2,0.006060227
1.41,-0.3,1.41,0,0,0,0.2,0.2,0.2,0.006061306
1.41,-0.3,1.41,0,0,0,0.2,0.2,0.2,0.006060251
1.41,-0.3,1.41,0,0,0,0.2,0.2,0.2,0.006060633
1.41,-0.3,1.41,0,0,0,0.2,0.2,0.2,0.006061629
1.41,-0.3,1.41,0,0,0,0.2,0.2,0.2,0.006059709
1.41,-0.3,1.41,0,0,0,0.2,0.2,0.2,0.006061036
1.41,-0.3,1.41,0,0,0,0.2,0.2,0.2,0.006061071
1.41,-0.3,1.41,0,0,0,0.2,0.2,0.2,0.006060111
1.41,-0.3,1.41,0,0,0,0.2,0.2,0.2,0.006061921
1.41,-0.3,1.41,0,0,0,0.2,0.2,0.2,0.006059515
1.41,-0.3,1.41,0,0,0,0.2,0.2,0.2,0.006060899
1.41,-0.3,1.41,0,0,0,0.2,0.2,0.2,0.006061547
1.41,-0.3,1.41,0,0,0,0.2,0.2,0.2,0.006059805
1.41,-0.3,1.41,0,0,0,0.2,0.2,0.2,0.006060778
1.41,-0.3,1.41,0,0,0,0.2,0.2,0.2,0.006060978
1.41,-0.3,1.41,0,0,0,0.2,0.2,0.2,0.006060551
1.41,-0.3,1.41,0,0,0,0.2,0.2,0.2,0.006061514
1.41,-0.3,1.41,0,0,0,0.2,0.2,0.2,0.006059795
1.41,-0.3,1.41,0,0,0,0.2,0.2,0.2,0.006060884
1.41,-0.3,1.41,0,0,0,0.2,0.2,0.2,0.006061188
1.41,-0.3,1.41,0,0,0,0.2,0.2,0.2,0.006059973
1.41,-0.3,1.41,0,0,0,0.2,0.2,0.2,0.006060772
1.41,-0.3,1.41,0,0,0,0.2,0.2,0.2,0.00606066
1.41,-0.3,1.41,0,0,0,0.2,0.2,0.2,0.006060965
1.41,-0.3,1.41,0,0,0,0.2,0.2,0.2,0.006061426
1.41,-0.3,1.41,0,0,0,0.2,0.2,0.2,0.006060137
1.41,-0.3,1.41,0,0,0,0.2,0.2,0.2,0.006060649
1.41,-0.3,1.41,0,0,0,0.2,0.2,0.2,0.006061003
1.41,-0.3,1.41,0,0,0,0.2,0.2,0.2,0.006060389
1.41,-0.3,1.41,0,0,0,0.2,0.2,0.2,0.006061558
1.41,-0.3,1.41,0,0,0,0.2,0.2,0.2,0.006059892
1.41,-0.3,1.41,0,0,0,0.2,0.2,0.2,0.006060826
1.41,-0.3,1.41,0,0,0,0.2,0.2,0.2,0.006061191
1.41,-0.3,1.41,0,0,0,0.2,0.2,0.2,0.006060093
1.41,-0.3,1.41,0,0,0,0.2,0.2,0.2,0.006060639
1.41,-0.3,1.41,0,0,0,0.2,0.2,0.2,0.00606107
1.41,-0.3,1.41,0,0,0,0.2,0.2,0.2,0.006060315
1.41,-0.3,1.41,0,0,0,0.2,0.2,0.2,0.006060671
1.41,-0.3,1.41,0,0,0,0.2,0.2,0.2,0.006060936
1.41,-0.3,1.41,0,0,0,0.2,0.2,0.2,0.00606061
1.41,-0.3,1.41,0,0,0,0.2,0.2,0.2,0.006061104
1.41,-0.3,1.41,0,0,0,0.2,0.2,0.2,0.006060701
1.41,-0.3,1.41,0,0,0,0.2,0.2,0.2,0.006060228
1.41,-0.3,1.41,0,0,0,0.2,0.2,0.2,0.006061309
1.41,-0.3,1.41,0,0,0,0.2,0.2,0.2,0.006060846
1.41,-0.3,1.41,0,0,0,0.2,0.2,0.2,0.006061083
1.41,-0.3,1.41,0,0,0,0.2,0.2,0.2,0.006060191
1.41,-0.3,1.41,0,0,0,0.2,0.2,0.2,0.006060489
1.41,-0.3,1.41,0,0,0,0.2,0.2,0.2,0.006061257
1.41,-0.3,1.41,0,0,0,0.2,0.2,0.2,0.006060554
1.41,-0.3,1.41,0,0,0,0.2,0.2,0.2,0.006061276
1.41,-0.3,1.41,0,0,0,0.2,0.2,0.2,0.006060781
1.41,-0.3,1.41,0,0,0,0.2,0.2,0.2,0.006060192
N:Loop Opened,,,,,,,,,20250319_105318.317631
1.41,-0.3,1.41,0,0,0,0.2,0.2,0.2,0.006061089
1.41,-0.3,1.41,0,0,0,0.2,0.2,0.2,0.006060401
1.41,-0.3,1.41,0,0,0,0.2,0.2,0.2,0.00606129
1.41,-0.3,1.41,0,0,0,0.2,0.2,0.2,0.006060281
1.41,-0.3,1.41,0,0,0,0.2,0.2,0.2,0.006060772
1.41,-0.3,1.41,0,0,0,0.2,0.2,0.2,0.006061209
1.41,-0.3,1.41,0,0,0,0.2,0.2,0.2,0.006060453
1.41,-0.3,1.41,0,0,0,0.2,0.2,0.2,0.006060161
1.41,-0.3,1.41,0,0,0,0.2,0.2,0.2,0.006061488
1.41,-0.3,1.41,0,0,0,0.2,0.2,0.2,0.006060579
1.41,-0.3,1.41,0,0,0,0.2,0.2,0.2,0.006060482
1.41,-0.3,1.41,0,0,0,0.2,0.2,0.2,0.006060669
1.41,-0.3,1.41,0,0,0,0.2,0.2,0.2,0.006060545
1.41,-0.3,1.41,0,0,0,0.2,0.2,0.2,0.006061409
1.41,-0.3,1.41,0,0,0,0.2,0.2,0.2,0.006060151
1.41,-0.3,1.41,0,0,0,0.2,0.2,0.2,0.006061583
1.41,-0.3,1.41,0,0,0,0.2,0.2,0.2,0.006060343
1.41,-0.3,1.41,0,0,0,0.2,0.2,0.2,0.006060382
1.41,-0.3,1.41,0,0,0,0.2,0.2,0.2,0.00606139
1.41,-0.3,1.41,0,0,0,0.2,0.2,0.2,0.006060166
1.41,-0.3,1.41,0,0,0,0.2,0.2,0.2,0.006061496
1.41,-0.3,1.41,0,0,0,0.2,0.2,0.2,0.006060648
1.41,-0.3,1.41,0,0,0,0.2,0.2,0.2,0.006059842
1.41,-0.3,1.41,0,0,0,0.2,0.2,0.2,0.006061761
1.41,-0.3,1.41,0,0,0,0.2,0.2,0.2,0.00606034
1.41,-0.3,1.41,0,0,0,0.2,0.2,0.2,0.00606139
1.41,-0.3,1.41,0,0,0,0.2,0.2,0.2,0.006060486
1.41,-0.3,1.41,0,0,0,0.2,0.2,0.2,0.006060865
1.41,-0.3,1.41,0,0,0,0.2,0.2,0.2,0.006061216
1.41,-0.3,1.41,0,0,0,0.2,0.2,0.2,0.006060285
1.41,-0.3,1.41,0,0,0,0.2,0.2,0.2,0.006061265
1.41,-0.3,1.41,0,0,0,0.2,0.2,0.2,0.006060434
1.41,-0.3,1.41,0,0,0,0.2,0.2,0.2,0.006060679
1.41,-0.3,1.41,0,0,0,0.2,0.2,0.2,0.006061262
1.41,-0.3,1.41,0,0,0,0.2,0.2,0.2,0.006059929
1.41,-0.3,1.41,0,0,0,0.2,0.2,0.2,0.006061518
1.41,-0.3,1.41,0,0,0,0.2,0.2,0.2,0.00606053
1.41,-0.3,1.41,0,0,0,0.2,0.2,0.2,0.006060703
1.41,-0.3,1.41,0,0,0,0.2,0.2,0.2,0.006061052
1.41,-0.3,1.41,0,0,0,0.2,0.2,0.2,0.006060536
1.41,-0.3,1.41,0,0,0,0.2,0.2,0.2,0.006060409
1.41,-0.3,1.41,0,0,0,0.2,0.2,0.2,0.006060802
1.41,-0.3,1.41,0,0,0,0.2,0.2,0.2,0.00606067
1.41,-0.3,1.41,0,0,0,0.2,0.2,0.2,0.006061156
1.41,-0.3,1.41,0,0,0,0.2,0.2,0.2,0.006060356
1.41,-0.3,1.41,0,0,0,0.2,0.2,0.2,0.0060606
1.41,-0.3,1.41,0,0,0,0.2,0.2,0.2,0.006061597
1.41,-0.3,1.41,0,0,0,0.2,0.2,0.2,0.006060136
1.41,-0.3,1.41,0,0,0,0.2,0.2,0.2,0.006060377
1.41,-0.3,1.41,0,0,0,0.2,0.2,0.2,0.006061171
1.41,-0.3,1.41,0,0,0,0.2,0.2,0.2,0.006060401
1.41,-0.3,1.41,0,0,0,0.2,0.2,0.2,0.006061053
1.41,-0.3,1.41,0,0,0,0.2,0.2,0.2,0.006061132
1.41,-0.3,1.41,0,0,0,0.2,0.2,0.2,0.00606009
1.41,-0.3,1.41,0,0,0,0.2,0.2,0.2,0.00606125
1.41,-0.3,1.41,0,0,0,0.2,0.2,0.2,0.006060614
1.41,-0.3,1.41,0,0,0,0.2,0.2,0.2,0.006061204
1.41,-0.3,1.41,0,0,0,0.2,0.2,0.2,0.006060444
1.41,-0.3,1.41,0,0,0,0.2,0.2,0.2,0.006060485
1.41,-0.3,1.41,0,0,0,0.2,0.2,0.2,0.006061179
1.41,-0.3,1.41,0,0,0,0.2,0.2,0.2,0.006060405
1.41,-0.3,1.41,0,0,0,0.2,0.2,0.2,0.006061227
1.41,-0.3,1.41,0,0,0,0.2,0.2,0.2,0.006060262
1.41,-0.3,1.41,0,0,0,0.2,0.2,0.2,0.006061008
1.41,-0.3,1.41,0,0,0,0.2,0.2,0.2,0.006061037
1.41,-0.3,1.41,0,0,0,0.2,0.2,0.2,0.006060052
1.41,-0.3,1.41,0,0,0,0.2,0.2,0.2,0.006060702
1.41,-0.3,1.41,0,0,0,0.2,0.2,0.2,0.006060838
1.41,-0.3,1.41,0,0,0,0.2,0.2,0.2,0.006060817
1.41,-0.3,1.41,0,0,0,0.2,0.2,0.2,0.006061078
1.41,-0.3,1.41,0,0,0,0.2,0.2,0.2,0.006060561
1.41,-0.3,1.41,0,0,0,0.2,0.2,0.2,0.006060495
1.41,-0.3,1.41,0,0,0,0.2,0.2,0.2,0.006061338
1.41,-0.3,1.41,0,0,0,0.2,0.2,0.2,0.006060165
1.41,-0.3,1.41,0,0,0,0.2,0.2,0.2,0.006062292
1.41,-0.3,1.41,0,0,0,0.2,0.2,0.2,0.006059033
1.41,-0.3,1.41,0,0,0,0.2,0.2,0.2,0.006060598
1.41,-0.3,1.41,0,0,0,0.2,0.2,0.2,0.006061478
1.41,-0.3,1.41,0,0,0,0.2,0.2,0.2,0.006059903
1.41,-0.3,1.41,0,0,0,0.2,0.2,0.2,0.006061493
1.41,-0.3,1.41,0,0,0,0.2,0.2,0.2,0.006060575
1.41,-0.3,1.41,0,0,0,0.2,0.2,0.2,0.006059947
1.41,-0.3,1.41,0,0,0,0.2,0.2,0.2,0.006061428
N:Post Stim Finished,,,,,,,,,20250319_105318.820555
